   1.6532900e+02   5.4732000e+01   0.0000000e+00
   1.6607108e+02   5.4367883e+01   0.0000000e+00
   1.6681639e+02   5.4010558e+01   0.0000000e+00
   1.6757979e+02   5.3671512e+01   0.0000000e+00
   1.6834115e+02   5.3335658e+01   0.0000000e+00
   1.6908707e+02   5.2992334e+01   0.0000000e+00
   1.6983201e+02   5.2652909e+01   0.0000000e+00
   1.7059534e+02   5.2333882e+01   0.0000000e+00
   1.7136637e+02   5.2026805e+01   0.0000000e+00
   1.7216468e+02   5.1753797e+01   0.0000000e+00
   1.7298233e+02   5.1508370e+01   0.0000000e+00
   1.7381666e+02   5.1292499e+01   0.0000000e+00
   1.7465977e+02   5.1095870e+01   0.0000000e+00
   1.7550701e+02   5.0912766e+01   0.0000000e+00
   1.7635816e+02   5.0743065e+01   0.0000000e+00
   1.7721432e+02   5.0590738e+01   0.0000000e+00
   1.7807683e+02   5.0459738e+01   0.0000000e+00
   1.7894401e+02   5.0350544e+01   0.0000000e+00
   1.7982241e+02   5.0293375e+01   0.0000000e+00
   1.8070238e+02   5.0254473e+01   0.0000000e+00
   1.8158285e+02   5.0267936e+01   0.0000000e+00
   1.8246261e+02   5.0311431e+01   0.0000000e+00
   1.8334159e+02   5.0367185e+01   0.0000000e+00
   1.8422052e+02   5.0429980e+01   0.0000000e+00
   1.8509640e+02   5.0513274e+01   0.0000000e+00
   1.8597089e+02   5.0609419e+01   0.0000000e+00
   1.8684598e+02   5.0709962e+01   0.0000000e+00
   1.8772132e+02   5.0816258e+01   0.0000000e+00
   1.8859675e+02   5.0928726e+01   0.0000000e+00
   1.8946415e+02   5.1068911e+01   0.0000000e+00
   1.9032723e+02   5.1226028e+01   0.0000000e+00
   1.9117900e+02   5.1410000e+01   0.0000000e+00
   1.9201157e+02   5.1632427e+01   0.0000000e+00
   1.9284339e+02   5.1861790e+01   0.0000000e+00
   1.9367454e+02   5.2097966e+01   0.0000000e+00
   1.9451261e+02   5.2330768e+01   0.0000000e+00
   1.9538097e+02   5.2523498e+01   0.0000000e+00
   1.9626215e+02   5.2701207e+01   0.0000000e+00
   1.9714343e+02   5.2884808e+01   0.0000000e+00
   1.9801564e+02   5.3090142e+01   0.0000000e+00
   1.9889016e+02   5.3298344e+01   0.0000000e+00
   1.9977301e+02   5.3500195e+01   0.0000000e+00
   2.0066573e+02   5.3692985e+01   0.0000000e+00
   2.0156128e+02   5.3887840e+01   0.0000000e+00
   2.0245128e+02   5.4097833e+01   0.0000000e+00
   2.0334014e+02   5.4315968e+01   0.0000000e+00
   2.0422345e+02   5.4547529e+01   0.0000000e+00
   2.0508032e+02   5.4816691e+01   0.0000000e+00
   2.0592912e+02   5.5100089e+01   0.0000000e+00
   2.0675154e+02   5.5412102e+01   0.0000000e+00
   2.0754834e+02   5.5750975e+01   0.0000000e+00
   2.0840283e+02   5.6048178e+01   0.0000000e+00
   2.0931657e+02   5.6290176e+01   0.0000000e+00
   2.1020809e+02   5.6563006e+01   0.0000000e+00
   2.1104856e+02   5.6885072e+01   0.0000000e+00
   2.1182978e+02   5.7255817e+01   0.0000000e+00
   2.1259696e+02   5.7639770e+01   0.0000000e+00
   2.1335335e+02   5.8034372e+01   0.0000000e+00
   2.1407397e+02   5.8451203e+01   0.0000000e+00
   2.1477100e+02   5.8883000e+01   0.0000000e+00
   1.6645700e+02   5.5579000e+01   5.0000000e+01
   1.6722552e+02   5.5260045e+01   5.0000000e+01
   1.6798864e+02   5.4941635e+01   5.0000000e+01
   1.6874566e+02   5.4623176e+01   5.0000000e+01
   1.6949658e+02   5.4304577e+01   5.0000000e+01
   1.7023805e+02   5.3983071e+01   5.0000000e+01
   1.7097691e+02   5.3664040e+01   5.0000000e+01
   1.7171500e+02   5.3348924e+01   5.0000000e+01
   1.7245787e+02   5.3042462e+01   5.0000000e+01
   1.7323458e+02   5.2773158e+01   5.0000000e+01
   1.7402004e+02   5.2518541e+01   5.0000000e+01
   1.7483444e+02   5.2307671e+01   5.0000000e+01
   1.7566355e+02   5.2123453e+01   5.0000000e+01
   1.7648666e+02   5.1935082e+01   5.0000000e+01
   1.7730556e+02   5.1745466e+01   5.0000000e+01
   1.7813795e+02   5.1589916e+01   5.0000000e+01
   1.7899644e+02   5.1506785e+01   5.0000000e+01
   1.7986136e+02   5.1487807e+01   5.0000000e+01
   1.8072788e+02   5.1519511e+01   5.0000000e+01
   1.8159322e+02   5.1567807e+01   5.0000000e+01
   1.8245649e+02   5.1633637e+01   5.0000000e+01
   1.8331809e+02   5.1714277e+01   5.0000000e+01
   1.8418017e+02   5.1799320e+01   5.0000000e+01
   1.8504281e+02   5.1888559e+01   5.0000000e+01
   1.8590629e+02   5.1981072e+01   5.0000000e+01
   1.8677032e+02   5.2077975e+01   5.0000000e+01
   1.8763316e+02   5.2185013e+01   5.0000000e+01
   1.8849535e+02   5.2300210e+01   5.0000000e+01
   1.8934633e+02   5.2448124e+01   5.0000000e+01
   1.9019185e+02   5.2613670e+01   5.0000000e+01
   1.9102350e+02   5.2807523e+01   5.0000000e+01
   1.9183926e+02   5.3031250e+01   5.0000000e+01
   1.9265204e+02   5.3264369e+01   5.0000000e+01
   1.9346777e+02   5.3499435e+01   5.0000000e+01
   1.9429998e+02   5.3718879e+01   5.0000000e+01
   1.9514756e+02   5.3922740e+01   5.0000000e+01
   1.9601396e+02   5.4103921e+01   5.0000000e+01
   1.9688539e+02   5.4282982e+01   5.0000000e+01
   1.9775222e+02   5.4475603e+01   5.0000000e+01
   1.9862069e+02   5.4671986e+01   5.0000000e+01
   1.9949051e+02   5.4872601e+01   5.0000000e+01
   2.0035846e+02   5.5082050e+01   5.0000000e+01
   2.0122547e+02   5.5298893e+01   5.0000000e+01
   2.0207451e+02   5.5542368e+01   5.0000000e+01
   2.0290137e+02   5.5815548e+01   5.0000000e+01
   2.0372043e+02   5.6101479e+01   5.0000000e+01
   2.0449882e+02   5.6425255e+01   5.0000000e+01
   2.0526359e+02   5.6763893e+01   5.0000000e+01
   2.0601863e+02   5.7113644e+01   5.0000000e+01
   2.0673880e+02   5.7488115e+01   5.0000000e+01
   2.0743157e+02   5.7881580e+01   5.0000000e+01
   2.0810926e+02   5.8286043e+01   5.0000000e+01
   2.0876733e+02   5.8702791e+01   5.0000000e+01
   2.0931610e+02   5.9162195e+01   5.0000000e+01
   2.0983373e+02   5.9633946e+01   5.0000000e+01
   2.1034587e+02   6.0109248e+01   5.0000000e+01
   2.1086777e+02   6.0583942e+01   5.0000000e+01
   2.1142156e+02   6.1051994e+01   5.0000000e+01
   2.1212211e+02   6.1471802e+01   5.0000000e+01
   2.1293700e+02   6.1849000e+01   5.0000000e+01
   1.6827400e+02   5.5193000e+01   1.0000000e+02
   1.6899782e+02   5.4879611e+01   1.0000000e+02
   1.6971884e+02   5.4568355e+01   1.0000000e+02
   1.7043593e+02   5.4258295e+01   1.0000000e+02
   1.7114347e+02   5.3944990e+01   1.0000000e+02
   1.7185199e+02   5.3636656e+01   1.0000000e+02
   1.7256459e+02   5.3335875e+01   1.0000000e+02
   1.7331265e+02   5.3073258e+01   1.0000000e+02
   1.7407774e+02   5.2832875e+01   1.0000000e+02
   1.7484906e+02   5.2605041e+01   1.0000000e+02
   1.7564406e+02   5.2414930e+01   1.0000000e+02
   1.7644153e+02   5.2234126e+01   1.0000000e+02
   1.7723903e+02   5.2058728e+01   1.0000000e+02
   1.7804005e+02   5.1895048e+01   1.0000000e+02
   1.7885915e+02   5.1779771e+01   1.0000000e+02
   1.7969001e+02   5.1705681e+01   1.0000000e+02
   1.8052839e+02   5.1718768e+01   1.0000000e+02
   1.8136394e+02   5.1765131e+01   1.0000000e+02
   1.8219218e+02   5.1854757e+01   1.0000000e+02
   1.8302012e+02   5.1951251e+01   1.0000000e+02
   1.8385318e+02   5.2035792e+01   1.0000000e+02
   1.8468800e+02   5.2119581e+01   1.0000000e+02
   1.8552503e+02   5.2200899e+01   1.0000000e+02
   1.8636347e+02   5.2282565e+01   1.0000000e+02
   1.8720204e+02   5.2369671e+01   1.0000000e+02
   1.8803446e+02   5.2480114e+01   1.0000000e+02
   1.8885862e+02   5.2618249e+01   1.0000000e+02
   1.8967261e+02   5.2780473e+01   1.0000000e+02
   1.9046554e+02   5.2983671e+01   1.0000000e+02
   1.9125503e+02   5.3196889e+01   1.0000000e+02
   1.9204358e+02   5.3416541e+01   1.0000000e+02
   1.9283283e+02   5.3640524e+01   1.0000000e+02
   1.9362490e+02   5.3866257e+01   1.0000000e+02
   1.9442327e+02   5.4089455e+01   1.0000000e+02
   1.9522580e+02   5.4312822e+01   1.0000000e+02
   1.9603017e+02   5.4539288e+01   1.0000000e+02
   1.9683447e+02   5.4771195e+01   1.0000000e+02
   1.9764043e+02   5.5006521e+01   1.0000000e+02
   1.9843740e+02   5.5256719e+01   1.0000000e+02
   1.9923007e+02   5.5516574e+01   1.0000000e+02
   2.0002185e+02   5.5782383e+01   1.0000000e+02
   2.0081105e+02   5.6055672e+01   1.0000000e+02
   2.0159652e+02   5.6337261e+01   1.0000000e+02
   2.0235757e+02   5.6642574e+01   1.0000000e+02
   2.0309143e+02   5.6972508e+01   1.0000000e+02
   2.0381050e+02   5.7315845e+01   1.0000000e+02
   2.0449655e+02   5.7682389e+01   1.0000000e+02
   2.0516925e+02   5.8059533e+01   1.0000000e+02
   2.0580833e+02   5.8455298e+01   1.0000000e+02
   2.0637114e+02   5.8884915e+01   1.0000000e+02
   2.0690238e+02   5.9327409e+01   1.0000000e+02
   2.0732458e+02   5.9799388e+01   1.0000000e+02
   2.0766162e+02   6.0291251e+01   1.0000000e+02
   2.0798079e+02   6.0786838e+01   1.0000000e+02
   2.0829650e+02   6.1283722e+01   1.0000000e+02
   2.0864702e+02   6.1775976e+01   1.0000000e+02
   2.0915897e+02   6.2233512e+01   1.0000000e+02
   2.0981193e+02   6.2656625e+01   1.0000000e+02
   2.1049160e+02   6.3073989e+01   1.0000000e+02
   2.1118800e+02   6.3489000e+01   1.0000000e+02
   1.7056100e+02   5.4566000e+01   1.5000000e+02
   1.7121873e+02   5.4267725e+01   1.5000000e+02
   1.7188461e+02   5.3979331e+01   1.5000000e+02
   1.7255830e+02   5.3701057e+01   1.5000000e+02
   1.7326443e+02   5.3456936e+01   1.5000000e+02
   1.7397872e+02   5.3225437e+01   1.5000000e+02
   1.7470390e+02   5.3011402e+01   1.5000000e+02
   1.7544278e+02   5.2819168e+01   1.5000000e+02
   1.7618354e+02   5.2634203e+01   1.5000000e+02
   1.7692752e+02   5.2458853e+01   1.5000000e+02
   1.7767554e+02   5.2294741e+01   1.5000000e+02
   1.7842874e+02   5.2144644e+01   1.5000000e+02
   1.7920595e+02   5.2058495e+01   1.5000000e+02
   1.7998768e+02   5.1995000e+01   1.5000000e+02
   1.8077568e+02   5.2001960e+01   1.5000000e+02
   1.8156304e+02   5.2026586e+01   1.5000000e+02
   1.8234625e+02   5.2082691e+01   1.5000000e+02
   1.8312588e+02   5.2162303e+01   1.5000000e+02
   1.8390640e+02   5.2243847e+01   1.5000000e+02
   1.8469054e+02   5.2316859e+01   1.5000000e+02
   1.8547497e+02   5.2393895e+01   1.5000000e+02
   1.8625458e+02   5.2490204e+01   1.5000000e+02
   1.8702602e+02   5.2614504e+01   1.5000000e+02
   1.8779649e+02   5.2745967e+01   1.5000000e+02
   1.8856626e+02   5.2883860e+01   1.5000000e+02
   1.8933183e+02   5.3034690e+01   1.5000000e+02
   1.9009491e+02   5.3194980e+01   1.5000000e+02
   1.9084683e+02   5.3376548e+01   1.5000000e+02
   1.9158156e+02   5.3587021e+01   1.5000000e+02
   1.9231390e+02   5.3804892e+01   1.5000000e+02
   1.9304518e+02   5.4028456e+01   1.5000000e+02
   1.9377515e+02   5.4257848e+01   1.5000000e+02
   1.9450679e+02   5.4489912e+01   1.5000000e+02
   1.9523978e+02   5.4724967e+01   1.5000000e+02
   1.9597424e+02   5.4962940e+01   1.5000000e+02
   1.9671016e+02   5.5203860e+01   1.5000000e+02
   1.9744850e+02   5.5446834e+01   1.5000000e+02
   1.9819008e+02   5.5691098e+01   1.5000000e+02
   1.9893296e+02   5.5938572e+01   1.5000000e+02
   1.9967384e+02   5.6192368e+01   1.5000000e+02
   2.0039936e+02   5.6462964e+01   1.5000000e+02
   2.0108311e+02   5.6769414e+01   1.5000000e+02
   2.0175771e+02   5.7085559e+01   1.5000000e+02
   2.0241534e+02   5.7415277e+01   1.5000000e+02
   2.0304871e+02   5.7761994e+01   1.5000000e+02
   2.0367368e+02   5.8116118e+01   1.5000000e+02
   2.0426720e+02   5.8487605e+01   1.5000000e+02
   2.0483583e+02   5.8872417e+01   1.5000000e+02
   2.0538669e+02   5.9266468e+01   1.5000000e+02
   2.0591440e+02   5.9670908e+01   1.5000000e+02
   2.0630327e+02   6.0114986e+01   1.5000000e+02
   2.0666373e+02   6.0566247e+01   1.5000000e+02
   2.0700211e+02   6.1022533e+01   1.5000000e+02
   2.0729132e+02   6.1487171e+01   1.5000000e+02
   2.0755638e+02   6.1955902e+01   1.5000000e+02
   2.0782588e+02   6.2424594e+01   1.5000000e+02
   2.0814801e+02   6.2886569e+01   1.5000000e+02
   2.0853133e+02   6.3339755e+01   1.5000000e+02
   2.0914173e+02   6.3741329e+01   1.5000000e+02
   2.0984300e+02   6.4116000e+01   1.5000000e+02
   1.7331800e+02   5.3601000e+01   2.0000000e+02
   1.7392987e+02   5.3418731e+01   2.0000000e+02
   1.7454261e+02   5.3240655e+01   2.0000000e+02
   1.7515679e+02   5.3067497e+01   2.0000000e+02
   1.7577743e+02   5.2906407e+01   2.0000000e+02
   1.7640282e+02   5.2755197e+01   2.0000000e+02
   1.7703024e+02   5.2610502e+01   2.0000000e+02
   1.7766014e+02   5.2473164e+01   2.0000000e+02
   1.7830479e+02   5.2368432e+01   2.0000000e+02
   1.7895331e+02   5.2276365e+01   2.0000000e+02
   1.7961050e+02   5.2221322e+01   2.0000000e+02
   1.8027383e+02   5.2201306e+01   2.0000000e+02
   1.8093765e+02   5.2194000e+01   2.0000000e+02
   1.8159944e+02   5.2220513e+01   2.0000000e+02
   1.8225923e+02   5.2269618e+01   2.0000000e+02
   1.8291854e+02   5.2324807e+01   2.0000000e+02
   1.8357796e+02   5.2383154e+01   2.0000000e+02
   1.8423775e+02   5.2443631e+01   2.0000000e+02
   1.8489761e+02   5.2507498e+01   2.0000000e+02
   1.8555551e+02   5.2581943e+01   2.0000000e+02
   1.8621283e+02   5.2661896e+01   2.0000000e+02
   1.8686927e+02   5.2747941e+01   2.0000000e+02
   1.8751382e+02   5.2864363e+01   2.0000000e+02
   1.8815264e+02   5.2995995e+01   2.0000000e+02
   1.8878930e+02   5.3134801e+01   2.0000000e+02
   1.8941581e+02   5.3292043e+01   2.0000000e+02
   1.9003656e+02   5.3460842e+01   2.0000000e+02
   1.9065521e+02   5.3635517e+01   2.0000000e+02
   1.9126835e+02   5.3819668e+01   2.0000000e+02
   1.9186078e+02   5.4029248e+01   2.0000000e+02
   1.9245235e+02   5.4242572e+01   2.0000000e+02
   1.9304317e+02   5.4459508e+01   2.0000000e+02
   1.9363609e+02   5.4677405e+01   2.0000000e+02
   1.9423742e+02   5.4890369e+01   2.0000000e+02
   1.9484719e+02   5.5098371e+01   2.0000000e+02
   1.9546015e+02   5.5306396e+01   2.0000000e+02
   1.9607534e+02   5.5515343e+01   2.0000000e+02
   1.9669239e+02   5.5725643e+01   2.0000000e+02
   1.9730935e+02   5.5939099e+01   2.0000000e+02
   1.9792674e+02   5.6155268e+01   2.0000000e+02
   1.9854444e+02   5.6374231e+01   2.0000000e+02
   1.9916135e+02   5.6596953e+01   2.0000000e+02
   1.9977670e+02   5.6824008e+01   2.0000000e+02
   2.0038575e+02   5.7058807e+01   2.0000000e+02
   2.0096372e+02   5.7318680e+01   2.0000000e+02
   2.0153692e+02   5.7584211e+01   2.0000000e+02
   2.0210419e+02   5.7855936e+01   2.0000000e+02
   2.0266350e+02   5.8134761e+01   2.0000000e+02
   2.0320256e+02   5.8426216e+01   2.0000000e+02
   2.0367949e+02   5.8748456e+01   2.0000000e+02
   2.0414342e+02   5.9077442e+01   2.0000000e+02
   2.0459363e+02   5.9413023e+01   2.0000000e+02
   2.0502936e+02   5.9755003e+01   2.0000000e+02
   2.0539472e+02   6.0117404e+01   2.0000000e+02
   2.0570875e+02   6.0493468e+01   2.0000000e+02
   2.0600509e+02   6.0873688e+01   2.0000000e+02
   2.0628492e+02   6.1257470e+01   2.0000000e+02
   2.0654661e+02   6.1644742e+01   2.0000000e+02
   2.0679089e+02   6.2035035e+01   2.0000000e+02
   2.0701800e+02   6.2428000e+01   2.0000000e+02
   1.7695100e+02   5.2830000e+01   2.5000000e+02
   1.7743131e+02   5.2713301e+01   2.5000000e+02
   1.7791672e+02   5.2606613e+01   2.5000000e+02
   1.7840715e+02   5.2510883e+01   2.5000000e+02
   1.7890459e+02   5.2433982e+01   2.5000000e+02
   1.7941387e+02   5.2394342e+01   2.5000000e+02
   1.7992464e+02   5.2365123e+01   2.5000000e+02
   1.8043634e+02   5.2345287e+01   2.5000000e+02
   1.8094743e+02   5.2370030e+01   2.5000000e+02
   1.8145766e+02   5.2403042e+01   2.5000000e+02
   1.8196716e+02   5.2442256e+01   2.5000000e+02
   1.8247611e+02   5.2486038e+01   2.5000000e+02
   1.8298376e+02   5.2537058e+01   2.5000000e+02
   1.8349055e+02   5.2593470e+01   2.5000000e+02
   1.8399736e+02   5.2651962e+01   2.5000000e+02
   1.8450556e+02   5.2708059e+01   2.5000000e+02
   1.8501478e+02   5.2762927e+01   2.5000000e+02
   1.8552406e+02   5.2819797e+01   2.5000000e+02
   1.8603315e+02   5.2879430e+01   2.5000000e+02
   1.8653838e+02   5.2951367e+01   2.5000000e+02
   1.8704059e+02   5.3033170e+01   2.5000000e+02
   1.8754150e+02   5.3119898e+01   2.5000000e+02
   1.8804085e+02   5.3211844e+01   2.5000000e+02
   1.8853646e+02   5.3312307e+01   2.5000000e+02
   1.8901152e+02   5.3445605e+01   2.5000000e+02
   1.8948375e+02   5.3584296e+01   2.5000000e+02
   1.8995432e+02   5.3726782e+01   2.5000000e+02
   1.9041510e+02   5.3881700e+01   2.5000000e+02
   1.9087253e+02   5.4041865e+01   2.5000000e+02
   1.9133000e+02   5.4203739e+01   2.5000000e+02
   1.9178640e+02   5.4368355e+01   2.5000000e+02
   1.9224284e+02   5.4534657e+01   2.5000000e+02
   1.9269993e+02   5.4702097e+01   2.5000000e+02
   1.9315631e+02   5.4871866e+01   2.5000000e+02
   1.9361302e+02   5.5043062e+01   2.5000000e+02
   1.9406752e+02   5.5217868e+01   2.5000000e+02
   1.9452237e+02   5.5394088e+01   2.5000000e+02
   1.9497856e+02   5.5570884e+01   2.5000000e+02
   1.9543730e+02   5.5747255e+01   2.5000000e+02
   1.9590040e+02   5.5921691e+01   2.5000000e+02
   1.9637502e+02   5.6088001e+01   2.5000000e+02
   1.9685191e+02   5.6254106e+01   2.5000000e+02
   1.9733030e+02   5.6420740e+01   2.5000000e+02
   1.9780931e+02   5.6588663e+01   2.5000000e+02
   1.9828610e+02   5.6760254e+01   2.5000000e+02
   1.9875352e+02   5.6941234e+01   2.5000000e+02
   1.9922088e+02   5.7123977e+01   2.5000000e+02
   1.9968617e+02   5.7310020e+01   2.5000000e+02
   2.0014795e+02   5.7500273e+01   2.5000000e+02
   2.0060768e+02   5.7693613e+01   2.5000000e+02
   2.0106267e+02   5.7891791e+01   2.5000000e+02
   2.0151226e+02   5.8094990e+01   2.5000000e+02
   2.0192970e+02   5.8317052e+01   2.5000000e+02
   2.0231805e+02   5.8555266e+01   2.5000000e+02
   2.0269801e+02   5.8798278e+01   2.5000000e+02
   2.0306605e+02   5.9047229e+01   2.5000000e+02
   2.0337414e+02   5.9317391e+01   2.5000000e+02
   2.0366125e+02   5.9594481e+01   2.5000000e+02
   2.0393442e+02   5.9875752e+01   2.5000000e+02
   2.0419300e+02   6.0161000e+01   2.5000000e+02
   1.7984300e+02   5.2492000e+01   3.0000000e+02
   1.8012236e+02   5.2508762e+01   3.0000000e+02
   1.8040170e+02   5.2526247e+01   3.0000000e+02
   1.8068096e+02   5.2544903e+01   3.0000000e+02
   1.8096025e+02   5.2564005e+01   3.0000000e+02
   1.8123959e+02   5.2583513e+01   3.0000000e+02
   1.8151865e+02   5.2605042e+01   3.0000000e+02
   1.8179784e+02   5.2626632e+01   3.0000000e+02
   1.8207699e+02   5.2649113e+01   3.0000000e+02
   1.8235612e+02   5.2672305e+01   3.0000000e+02
   1.8263279e+02   5.2704975e+01   3.0000000e+02
   1.8290919e+02   5.2739236e+01   3.0000000e+02
   1.8318533e+02   5.2774927e+01   3.0000000e+02
   1.8346158e+02   5.2810929e+01   3.0000000e+02
   1.8373750e+02   5.2848469e+01   3.0000000e+02
   1.8401358e+02   5.2886226e+01   3.0000000e+02
   1.8428923e+02   5.2925739e+01   3.0000000e+02
   1.8456512e+02   5.2965303e+01   3.0000000e+02
   1.8484052e+02   5.3006707e+01   3.0000000e+02
   1.8511588e+02   5.3048843e+01   3.0000000e+02
   1.8539093e+02   5.3092331e+01   3.0000000e+02
   1.8566605e+02   5.3136277e+01   3.0000000e+02
   1.8594077e+02   5.3181748e+01   3.0000000e+02
   1.8621525e+02   5.3228354e+01   3.0000000e+02
   1.8648962e+02   5.3275832e+01   3.0000000e+02
   1.8676384e+02   5.3324248e+01   3.0000000e+02
   1.8702646e+02   5.3392285e+01   3.0000000e+02
   1.8728795e+02   5.3462458e+01   3.0000000e+02
   1.8754970e+02   5.3532873e+01   3.0000000e+02
   1.8781097e+02   5.3604481e+01   3.0000000e+02
   1.8807144e+02   5.3677663e+01   3.0000000e+02
   1.8833195e+02   5.3751377e+01   3.0000000e+02
   1.8859236e+02   5.3825753e+01   3.0000000e+02
   1.8885203e+02   5.3901603e+01   3.0000000e+02
   1.8911208e+02   5.3977564e+01   3.0000000e+02
   1.8937138e+02   5.4054949e+01   3.0000000e+02
   1.8963128e+02   5.4132205e+01   3.0000000e+02
   1.8989004e+02   5.4211314e+01   3.0000000e+02
   1.9014974e+02   5.4289926e+01   3.0000000e+02
   1.9040909e+02   5.4369482e+01   3.0000000e+02
   1.9066785e+02   5.4450235e+01   3.0000000e+02
   1.9092274e+02   5.4535580e+01   3.0000000e+02
   1.9117776e+02   5.4621331e+01   3.0000000e+02
   1.9143256e+02   5.4707852e+01   3.0000000e+02
   1.9168816e+02   5.4794102e+01   3.0000000e+02
   1.9194272e+02   5.4881905e+01   3.0000000e+02
   1.9219844e+02   5.4969128e+01   3.0000000e+02
   1.9245281e+02   5.5058175e+01   3.0000000e+02
   1.9270833e+02   5.5146656e+01   3.0000000e+02
   1.9296349e+02   5.5236030e+01   3.0000000e+02
   1.9321882e+02   5.5325771e+01   3.0000000e+02
   1.9347382e+02   5.5416340e+01   3.0000000e+02
   1.9372890e+02   5.5507369e+01   3.0000000e+02
   1.9398442e+02   5.5598529e+01   3.0000000e+02
   1.9423952e+02   5.5690594e+01   3.0000000e+02
   1.9449481e+02   5.5783033e+01   3.0000000e+02
   1.9475050e+02   5.5875645e+01   3.0000000e+02
   1.9500551e+02   5.5969372e+01   3.0000000e+02
   1.9526095e+02   5.6063253e+01   3.0000000e+02
   1.9551600e+02   5.6158000e+01   3.0000000e+02
