   9.5856000e+01   2.7791000e+01   0.0000000e+00
   9.5660025e+01   2.7664863e+01   0.0000000e+00
   9.5465996e+01   2.7536646e+01   0.0000000e+00
   9.5273830e+01   2.7406515e+01   0.0000000e+00
   9.5083650e+01   2.7274361e+01   0.0000000e+00
   9.4895300e+01   2.7140416e+01   0.0000000e+00
   9.4708560e+01   2.7004930e+01   0.0000000e+00
   9.4526406e+01   2.6864982e+01   0.0000000e+00
   9.4356543e+01   2.6713285e+01   0.0000000e+00
   9.4188828e+01   2.6559900e+01   0.0000000e+00
   9.4023261e+01   2.6404847e+01   0.0000000e+00
   9.3859850e+01   2.6248156e+01   0.0000000e+00
   9.3699427e+01   2.6089178e+01   0.0000000e+00
   9.3541752e+01   2.5928177e+01   0.0000000e+00
   9.3387327e+01   2.5764809e+01   0.0000000e+00
   9.3235847e+01   2.5599378e+01   0.0000000e+00
   9.3103107e+01   2.5422081e+01   0.0000000e+00
   9.2983870e+01   2.5236646e+01   0.0000000e+00
   9.2867648e+01   2.5049746e+01   0.0000000e+00
   9.2755923e+01   2.4860685e+01   0.0000000e+00
   9.2647958e+01   2.4669924e+01   0.0000000e+00
   9.2544886e+01   2.4477005e+01   0.0000000e+00
   9.2445557e+01   2.4282539e+01   0.0000000e+00
   9.2352150e+01   2.4085784e+01   0.0000000e+00
   9.2293833e+01   2.3878035e+01   0.0000000e+00
   9.2240302e+01   2.3669223e+01   0.0000000e+00
   9.2191917e+01   2.3459380e+01   0.0000000e+00
   9.2150377e+01   2.3248316e+01   0.0000000e+00
   9.2115206e+01   2.3036287e+01   0.0000000e+00
   9.2086947e+01   2.2823395e+01   0.0000000e+00
   9.2066052e+01   2.2609788e+01   0.0000000e+00
   9.2081589e+01   2.2396676e+01   0.0000000e+00
   9.2116653e+01   2.2184673e+01   0.0000000e+00
   9.2158402e+01   2.1973709e+01   0.0000000e+00
   9.2208459e+01   2.1764514e+01   0.0000000e+00
   9.2279093e+01   2.1560327e+01   0.0000000e+00
   9.2352950e+01   2.1357162e+01   0.0000000e+00
   9.2429927e+01   2.1155028e+01   0.0000000e+00
   9.2509682e+01   2.0953872e+01   0.0000000e+00
   9.2590829e+01   2.0753239e+01   0.0000000e+00
   9.2676288e+01   2.0554221e+01   0.0000000e+00
   9.2762842e+01   2.0355656e+01   0.0000000e+00
   9.2849573e+01   2.0157203e+01   0.0000000e+00
   9.2936275e+01   1.9958780e+01   0.0000000e+00
   9.3022782e+01   1.9760324e+01   0.0000000e+00
   9.3105078e+01   1.9560336e+01   0.0000000e+00
   9.3184944e+01   1.9359506e+01   0.0000000e+00
   9.3263949e+01   1.9158404e+01   0.0000000e+00
   9.3340581e+01   1.8956519e+01   0.0000000e+00
   9.3415560e+01   1.8754110e+01   0.0000000e+00
   9.3475815e+01   1.8547449e+01   0.0000000e+00
   9.3531672e+01   1.8339614e+01   0.0000000e+00
   9.3583551e+01   1.8130871e+01   0.0000000e+00
   9.3633901e+01   1.7921806e+01   0.0000000e+00
   9.3679830e+01   1.7711846e+01   0.0000000e+00
   9.3708453e+01   1.7499101e+01   0.0000000e+00
   9.3734265e+01   1.7286040e+01   0.0000000e+00
   9.3756043e+01   1.7072568e+01   0.0000000e+00
   9.3775896e+01   1.6858925e+01   0.0000000e+00
   9.3792000e+01   1.6645000e+01   0.0000000e+00
   9.6649000e+01   2.7111000e+01   5.0000000e+01
   9.6474370e+01   2.6996054e+01   5.0000000e+01
   9.6301131e+01   2.6879666e+01   5.0000000e+01
   9.6129972e+01   2.6761058e+01   5.0000000e+01
   9.5960941e+01   2.6640244e+01   5.0000000e+01
   9.5793354e+01   2.6518024e+01   5.0000000e+01
   9.5628148e+01   2.6393432e+01   5.0000000e+01
   9.5472340e+01   2.6259910e+01   5.0000000e+01
   9.5322672e+01   2.6120775e+01   5.0000000e+01
   9.5175508e+01   2.5979642e+01   5.0000000e+01
   9.5031004e+01   2.5836448e+01   5.0000000e+01
   9.4888944e+01   2.5691434e+01   5.0000000e+01
   9.4749625e+01   2.5544400e+01   5.0000000e+01
   9.4612780e+01   2.5395622e+01   5.0000000e+01
   9.4485761e+01   2.5240491e+01   5.0000000e+01
   9.4377622e+01   2.5073703e+01   5.0000000e+01
   9.4272924e+01   2.4905202e+01   5.0000000e+01
   9.4171535e+01   2.4735116e+01   5.0000000e+01
   9.4073711e+01   2.4563382e+01   5.0000000e+01
   9.3979499e+01   2.4390036e+01   5.0000000e+01
   9.3889048e+01   2.4215097e+01   5.0000000e+01
   9.3807514e+01   2.4036835e+01   5.0000000e+01
   9.3744123e+01   2.3852326e+01   5.0000000e+01
   9.3685924e+01   2.3666418e+01   5.0000000e+01
   9.3632237e+01   2.3479398e+01   5.0000000e+01
   9.3584102e+01   2.3291190e+01   5.0000000e+01
   9.3562592e+01   2.3098816e+01   5.0000000e+01
   9.3546894e+01   2.2905970e+01   5.0000000e+01
   9.3536787e+01   2.2712816e+01   5.0000000e+01
   9.3531102e+01   2.2519498e+01   5.0000000e+01
   9.3542239e+01   2.2326639e+01   5.0000000e+01
   9.3568173e+01   2.2134758e+01   5.0000000e+01
   9.3598226e+01   2.1943393e+01   5.0000000e+01
   9.3642141e+01   2.1754540e+01   5.0000000e+01
   9.3696786e+01   2.1567945e+01   5.0000000e+01
   9.3755210e+01   2.1382354e+01   5.0000000e+01
   9.3816289e+01   2.1197528e+01   5.0000000e+01
   9.3885907e+01   2.1015416e+01   5.0000000e+01
   9.3959576e+01   2.0834681e+01   5.0000000e+01
   9.4033555e+01   2.0654086e+01   5.0000000e+01
   9.4107522e+01   2.0473519e+01   5.0000000e+01
   9.4176822e+01   2.0291401e+01   5.0000000e+01
   9.4241542e+01   2.0107794e+01   5.0000000e+01
   9.4305419e+01   1.9923953e+01   5.0000000e+01
   9.4367192e+01   1.9739503e+01   5.0000000e+01
   9.4427906e+01   1.9554762e+01   5.0000000e+01
   9.4486924e+01   1.9369551e+01   5.0000000e+01
   9.4544097e+01   1.9183844e+01   5.0000000e+01
   9.4599087e+01   1.8997569e+01   5.0000000e+01
   9.4637723e+01   1.8807663e+01   5.0000000e+01
   9.4674242e+01   1.8617394e+01   5.0000000e+01
   9.4709341e+01   1.8426889e+01   5.0000000e+01
   9.4742325e+01   1.8236051e+01   5.0000000e+01
   9.4772665e+01   1.8044847e+01   5.0000000e+01
   9.4795748e+01   1.7852715e+01   5.0000000e+01
   9.4817215e+01   1.7660410e+01   5.0000000e+01
   9.4837694e+01   1.7468005e+01   5.0000000e+01
   9.4856627e+01   1.7275461e+01   5.0000000e+01
   9.4874123e+01   1.7082795e+01   5.0000000e+01
   9.4890000e+01   1.6890000e+01   5.0000000e+01
   9.6788000e+01   2.6730000e+01   1.0000000e+02
   9.6636188e+01   2.6630782e+01   1.0000000e+02
   9.6485867e+01   2.6529924e+01   1.0000000e+02
   9.6337397e+01   2.6427049e+01   1.0000000e+02
   9.6190432e+01   2.6322607e+01   1.0000000e+02
   9.6045372e+01   2.6216193e+01   1.0000000e+02
   9.5909100e+01   2.6100973e+01   1.0000000e+02
   9.5775178e+01   2.5983644e+01   1.0000000e+02
   9.5642915e+01   2.5864924e+01   1.0000000e+02
   9.5512681e+01   2.5744524e+01   1.0000000e+02
   9.5389660e+01   2.5618303e+01   1.0000000e+02
   9.5270637e+01   2.5489019e+01   1.0000000e+02
   9.5154071e+01   2.5358027e+01   1.0000000e+02
   9.5040182e+01   2.5225219e+01   1.0000000e+02
   9.4932272e+01   2.5088649e+01   1.0000000e+02
   9.4835712e+01   2.4945165e+01   1.0000000e+02
   9.4742652e+01   2.4799860e+01   1.0000000e+02
   9.4652481e+01   2.4653114e+01   1.0000000e+02
   9.4567267e+01   2.4504063e+01   1.0000000e+02
   9.4502206e+01   2.4346789e+01   1.0000000e+02
   9.4441825e+01   2.4188000e+01   1.0000000e+02
   9.4384437e+01   2.4028312e+01   1.0000000e+02
   9.4330900e+01   2.3867530e+01   1.0000000e+02
   9.4287313e+01   2.3704417e+01   1.0000000e+02
   9.4252484e+01   2.3539420e+01   1.0000000e+02
   9.4221577e+01   2.3373775e+01   1.0000000e+02
   9.4194229e+01   2.3207611e+01   1.0000000e+02
   9.4185018e+01   2.3039857e+01   1.0000000e+02
   9.4180847e+01   2.2871841e+01   1.0000000e+02
   9.4180491e+01   2.2703790e+01   1.0000000e+02
   9.4182801e+01   2.2535743e+01   1.0000000e+02
   9.4196154e+01   2.2368243e+01   1.0000000e+02
   9.4215736e+01   2.2201165e+01   1.0000000e+02
   9.4238871e+01   2.2034476e+01   1.0000000e+02
   9.4264836e+01   2.1868151e+01   1.0000000e+02
   9.4293611e+01   2.1702227e+01   1.0000000e+02
   9.4326044e+01   2.1536893e+01   1.0000000e+02
   9.4370402e+01   2.1374262e+01   1.0000000e+02
   9.4428489e+01   2.1215155e+01   1.0000000e+02
   9.4487610e+01   2.1056402e+01   1.0000000e+02
   9.4544969e+01   2.0897127e+01   1.0000000e+02
   9.4599340e+01   2.0736934e+01   1.0000000e+02
   9.4651945e+01   2.0576243e+01   1.0000000e+02
   9.4705436e+01   2.0415825e+01   1.0000000e+02
   9.4756851e+01   2.0254829e+01   1.0000000e+02
   9.4808740e+01   2.0093983e+01   1.0000000e+02
   9.4859244e+01   1.9932760e+01   1.0000000e+02
   9.4906691e+01   1.9770737e+01   1.0000000e+02
   9.4952648e+01   1.9608343e+01   1.0000000e+02
   9.4998072e+01   1.9445827e+01   1.0000000e+02
   9.5042503e+01   1.9283080e+01   1.0000000e+02
   9.5085597e+01   1.9120020e+01   1.0000000e+02
   9.5127099e+01   1.8956605e+01   1.0000000e+02
   9.5166900e+01   1.8792818e+01   1.0000000e+02
   9.5203468e+01   1.8628443e+01   1.0000000e+02
   9.5227322e+01   1.8461912e+01   1.0000000e+02
   9.5250268e+01   1.8295268e+01   1.0000000e+02
   9.5271348e+01   1.8128404e+01   1.0000000e+02
   9.5289602e+01   1.7961244e+01   1.0000000e+02
   9.5307000e+01   1.7794000e+01   1.0000000e+02
   9.6641000e+01   2.6084000e+01   1.5000000e+02
   9.6530747e+01   2.5991828e+01   1.5000000e+02
   9.6422150e+01   2.5898159e+01   1.5000000e+02
   9.6314781e+01   2.5803436e+01   1.5000000e+02
   9.6208617e+01   2.5707691e+01   1.5000000e+02
   9.6104300e+01   2.5610387e+01   1.5000000e+02
   9.6001335e+01   2.5511992e+01   1.5000000e+02
   9.5900164e+01   2.5412164e+01   1.5000000e+02
   9.5802702e+01   2.5309586e+01   1.5000000e+02
   9.5713152e+01   2.5201183e+01   1.5000000e+02
   9.5626140e+01   2.5091162e+01   1.5000000e+02
   9.5541187e+01   2.4979873e+01   1.5000000e+02
   9.5458389e+01   2.4867308e+01   1.5000000e+02
   9.5378525e+01   2.4753056e+01   1.5000000e+02
   9.5311019e+01   2.4632852e+01   1.5000000e+02
   9.5254640e+01   2.4507635e+01   1.5000000e+02
   9.5200805e+01   2.4381507e+01   1.5000000e+02
   9.5150822e+01   2.4254090e+01   1.5000000e+02
   9.5103949e+01   2.4125717e+01   1.5000000e+02
   9.5068823e+01   2.3994661e+01   1.5000000e+02
   9.5046799e+01   2.3860854e+01   1.5000000e+02
   9.5027094e+01   2.3726749e+01   1.5000000e+02
   9.5010155e+01   2.3592329e+01   1.5000000e+02
   9.4995500e+01   2.3457685e+01   1.5000000e+02
   9.4983456e+01   2.3322825e+01   1.5000000e+02
   9.4973646e+01   2.3187812e+01   1.5000000e+02
   9.4964973e+01   2.3052735e+01   1.5000000e+02
   9.4958854e+01   2.2917540e+01   1.5000000e+02
   9.4954115e+01   2.2782296e+01   1.5000000e+02
   9.4963283e+01   2.2647263e+01   1.5000000e+02
   9.4973821e+01   2.2512299e+01   1.5000000e+02
   9.4986818e+01   2.2377520e+01   1.5000000e+02
   9.5000906e+01   2.2242841e+01   1.5000000e+02
   9.5015917e+01   2.2108242e+01   1.5000000e+02
   9.5032032e+01   2.1973756e+01   1.5000000e+02
   9.5050004e+01   2.1839473e+01   1.5000000e+02
   9.5069098e+01   2.1705327e+01   1.5000000e+02
   9.5092496e+01   2.1571866e+01   1.5000000e+02
   9.5123080e+01   2.1439577e+01   1.5000000e+02
   9.5155299e+01   2.1307631e+01   1.5000000e+02
   9.5187631e+01   2.1175715e+01   1.5000000e+02
   9.5221301e+01   2.1044096e+01   1.5000000e+02
   9.5256333e+01   2.0912797e+01   1.5000000e+02
   9.5291442e+01   2.0781521e+01   1.5000000e+02
   9.5326801e+01   2.0650310e+01   1.5000000e+02
   9.5362636e+01   2.0519222e+01   1.5000000e+02
   9.5400290e+01   2.0388596e+01   1.5000000e+02
   9.5440809e+01   2.0258726e+01   1.5000000e+02
   9.5481792e+01   2.0128995e+01   1.5000000e+02
   9.5522935e+01   1.9999319e+01   1.5000000e+02
   9.5563626e+01   1.9869524e+01   1.5000000e+02
   9.5604132e+01   1.9739687e+01   1.5000000e+02
   9.5643804e+01   1.9609632e+01   1.5000000e+02
   9.5682811e+01   1.9479411e+01   1.5000000e+02
   9.5719485e+01   1.9348648e+01   1.5000000e+02
   9.5748566e+01   1.9216147e+01   1.5000000e+02
   9.5776245e+01   1.9083383e+01   1.5000000e+02
   9.5802936e+01   1.8950445e+01   1.5000000e+02
   9.5828484e+01   1.8817308e+01   1.5000000e+02
   9.5853000e+01   1.8684000e+01   1.5000000e+02
   9.6646000e+01   2.5485000e+01   2.0000000e+02
   9.6558027e+01   2.5401027e+01   2.0000000e+02
   9.6472253e+01   2.5315253e+01   2.0000000e+02
   9.6387517e+01   2.5228689e+01   2.0000000e+02
   9.6305415e+01   2.5140122e+01   2.0000000e+02
   9.6224682e+01   2.5050575e+01   2.0000000e+02
   9.6145865e+01   2.4959676e+01   2.0000000e+02
   9.6068373e+01   2.4867887e+01   2.0000000e+02
   9.5993225e+01   2.4774552e+01   2.0000000e+02
   9.5920071e+01   2.4679949e+01   2.0000000e+02
   9.5859427e+01   2.4578558e+01   2.0000000e+02
   9.5803498e+01   2.4474752e+01   2.0000000e+02
   9.5749965e+01   2.4369931e+01   2.0000000e+02
   9.5699210e+01   2.4263986e+01   2.0000000e+02
   9.5650547e+01   2.4157237e+01   2.0000000e+02
   9.5604638e+01   2.4049499e+01   2.0000000e+02
   9.5571774e+01   2.3938397e+01   2.0000000e+02
   9.5552812e+01   2.3824103e+01   2.0000000e+02
   9.5537266e+01   2.3709377e+01   2.0000000e+02
   9.5523372e+01   2.3594475e+01   2.0000000e+02
   9.5511167e+01   2.3479411e+01   2.0000000e+02
   9.5501929e+01   2.3364119e+01   2.0000000e+02
   9.5494118e+01   2.3248735e+01   2.0000000e+02
   9.5487831e+01   2.3133278e+01   2.0000000e+02
   9.5483718e+01   2.3017734e+01   2.0000000e+02
   9.5483466e+01   2.2902238e+01   2.0000000e+02
   9.5491423e+01   2.2786864e+01   2.0000000e+02
   9.5500443e+01   2.2671557e+01   2.0000000e+02
   9.5510191e+01   2.2556302e+01   2.0000000e+02
   9.5521500e+01   2.2441170e+01   2.0000000e+02
   9.5533563e+01   2.2326102e+01   2.0000000e+02
   9.5546820e+01   2.2211148e+01   2.0000000e+02
   9.5560805e+01   2.2096270e+01   2.0000000e+02
   9.5575493e+01   2.1981467e+01   2.0000000e+02
   9.5591440e+01   2.1866811e+01   2.0000000e+02
   9.5607351e+01   2.1752151e+01   2.0000000e+02
   9.5628782e+01   2.1638306e+01   2.0000000e+02
   9.5652880e+01   2.1524892e+01   2.0000000e+02
   9.5677175e+01   2.1411517e+01   2.0000000e+02
   9.5701547e+01   2.1298161e+01   2.0000000e+02
   9.5727134e+01   2.1185040e+01   2.0000000e+02
   9.5752720e+01   2.1071923e+01   2.0000000e+02
   9.5779375e+01   2.0959027e+01   2.0000000e+02
   9.5806243e+01   2.0846177e+01   2.0000000e+02
   9.5833296e+01   2.0733371e+01   2.0000000e+02
   9.5861791e+01   2.0620888e+01   2.0000000e+02
   9.5893924e+01   2.0509264e+01   2.0000000e+02
   9.5926054e+01   2.0397646e+01   2.0000000e+02
   9.5958980e+01   2.0286237e+01   2.0000000e+02
   9.5991715e+01   2.0174787e+01   2.0000000e+02
   9.6024206e+01   2.0063280e+01   2.0000000e+02
   9.6057304e+01   1.9951937e+01   2.0000000e+02
   9.6089340e+01   1.9840324e+01   2.0000000e+02
   9.6121596e+01   1.9728772e+01   2.0000000e+02
   9.6152858e+01   1.9616988e+01   2.0000000e+02
   9.6180679e+01   1.9504395e+01   2.0000000e+02
   9.6207491e+01   1.9391593e+01   2.0000000e+02
   9.6234579e+01   1.9278848e+01   2.0000000e+02
   9.6261134e+01   1.9165994e+01   2.0000000e+02
   9.6287000e+01   1.9053000e+01   2.0000000e+02
