   2.5358500e+02   2.0036000e+01   0.0000000e+00
   2.5380413e+02   1.9673538e+01   0.0000000e+00
   2.5405918e+02   1.9334210e+01   0.0000000e+00
   2.5436703e+02   1.9035323e+01   0.0000000e+00
   2.5468899e+02   1.8750634e+01   0.0000000e+00
   2.5502423e+02   1.8480492e+01   0.0000000e+00
   2.5536606e+02   1.8218527e+01   0.0000000e+00
   2.5572710e+02   1.7981577e+01   0.0000000e+00
   2.5609246e+02   1.7751376e+01   0.0000000e+00
   2.5646849e+02   1.7538065e+01   0.0000000e+00
   2.5684872e+02   1.7332351e+01   0.0000000e+00
   2.5723903e+02   1.7145684e+01   0.0000000e+00
   2.5763514e+02   1.6971002e+01   0.0000000e+00
   2.5803666e+02   1.6808802e+01   0.0000000e+00
   2.5843964e+02   1.6650740e+01   0.0000000e+00
   2.5884358e+02   1.6495742e+01   0.0000000e+00
   2.5925123e+02   1.6350743e+01   0.0000000e+00
   2.5965916e+02   1.6207248e+01   0.0000000e+00
   2.6006792e+02   1.6066737e+01   0.0000000e+00
   2.6047686e+02   1.5927501e+01   0.0000000e+00
   2.6088687e+02   1.5791973e+01   0.0000000e+00
   2.6129782e+02   1.5659875e+01   0.0000000e+00
   2.6170988e+02   1.5531831e+01   0.0000000e+00
   2.6212715e+02   1.5422132e+01   0.0000000e+00
   2.6254882e+02   1.5329338e+01   0.0000000e+00
   2.6297268e+02   1.5248175e+01   0.0000000e+00
   2.6340090e+02   1.5191771e+01   0.0000000e+00
   2.6382740e+02   1.5125174e+01   0.0000000e+00
   2.6423265e+02   1.4983402e+01   0.0000000e+00
   2.6462653e+02   1.4813389e+01   0.0000000e+00
   2.6501183e+02   1.4626190e+01   0.0000000e+00
   2.6539492e+02   1.4435414e+01   0.0000000e+00
   2.6577777e+02   1.4244779e+01   0.0000000e+00
   2.6616029e+02   1.4054136e+01   0.0000000e+00
   2.6654321e+02   1.3864849e+01   0.0000000e+00
   2.6692610e+02   1.3676129e+01   0.0000000e+00
   2.6731115e+02   1.3492178e+01   0.0000000e+00
   2.6769676e+02   1.3309927e+01   0.0000000e+00
   2.6808258e+02   1.3128696e+01   0.0000000e+00
   2.6846893e+02   1.2949094e+01   0.0000000e+00
   2.6885673e+02   1.2773088e+01   0.0000000e+00
   2.6924431e+02   1.2597183e+01   0.0000000e+00
   2.6963502e+02   1.2428586e+01   0.0000000e+00
   2.7002618e+02   1.2261554e+01   0.0000000e+00
   2.7041734e+02   1.2095040e+01   0.0000000e+00
   2.7080685e+02   1.1925433e+01   0.0000000e+00
   2.7119258e+02   1.1748252e+01   0.0000000e+00
   2.7157243e+02   1.1560184e+01   0.0000000e+00
   2.7192263e+02   1.1323365e+01   0.0000000e+00
   2.7226505e+02   1.1076212e+01   0.0000000e+00
   2.7258651e+02   1.0803987e+01   0.0000000e+00
   2.7289737e+02   1.0520095e+01   0.0000000e+00
   2.7320526e+02   1.0233385e+01   0.0000000e+00
   2.7351249e+02   9.9462956e+00   0.0000000e+00
   2.7382978e+02   9.6706189e+00   0.0000000e+00
   2.7416424e+02   9.4154249e+00   0.0000000e+00
   2.7450721e+02   9.1721644e+00   0.0000000e+00
   2.7486654e+02   8.9530669e+00   0.0000000e+00
   2.7521616e+02   8.7203214e+00   0.0000000e+00
   2.7553900e+02   8.4520000e+00   0.0000000e+00
   2.5473100e+02   1.9800000e+01   5.0000000e+01
   2.5508430e+02   1.9569536e+01   5.0000000e+01
   2.5544244e+02   1.9346499e+01   5.0000000e+01
   2.5580853e+02   1.9136432e+01   5.0000000e+01
   2.5618526e+02   1.8944189e+01   5.0000000e+01
   2.5656449e+02   1.8757161e+01   5.0000000e+01
   2.5694719e+02   1.8577430e+01   5.0000000e+01
   2.5733202e+02   1.8402546e+01   5.0000000e+01
   2.5771843e+02   1.8231623e+01   5.0000000e+01
   2.5810891e+02   1.8070365e+01   5.0000000e+01
   2.5850645e+02   1.7926075e+01   5.0000000e+01
   2.5890579e+02   1.7787151e+01   5.0000000e+01
   2.5930715e+02   1.7654433e+01   5.0000000e+01
   2.5971339e+02   1.7537768e+01   5.0000000e+01
   2.6012534e+02   1.7440783e+01   5.0000000e+01
   2.6053770e+02   1.7346250e+01   5.0000000e+01
   2.6094905e+02   1.7248738e+01   5.0000000e+01
   2.6135779e+02   1.7142363e+01   5.0000000e+01
   2.6176612e+02   1.7035378e+01   5.0000000e+01
   2.6217391e+02   1.6927342e+01   5.0000000e+01
   2.6258149e+02   1.6819364e+01   5.0000000e+01
   2.6298990e+02   1.6715175e+01   5.0000000e+01
   2.6340271e+02   1.6630490e+01   5.0000000e+01
   2.6381900e+02   1.6562538e+01   5.0000000e+01
   2.6423620e+02   1.6500985e+01   5.0000000e+01
   2.6465036e+02   1.6424418e+01   5.0000000e+01
   2.6500116e+02   1.6203047e+01   5.0000000e+01
   2.6531825e+02   1.5937017e+01   5.0000000e+01
   2.6562693e+02   1.5662155e+01   5.0000000e+01
   2.6595343e+02   1.5407551e+01   5.0000000e+01
   2.6628381e+02   1.5158138e+01   5.0000000e+01
   2.6661785e+02   1.4913798e+01   5.0000000e+01
   2.6696275e+02   1.4684733e+01   5.0000000e+01
   2.6731520e+02   1.4466957e+01   5.0000000e+01
   2.6767038e+02   1.4253909e+01   5.0000000e+01
   2.6803446e+02   1.4056249e+01   5.0000000e+01
   2.6840463e+02   1.3869880e+01   5.0000000e+01
   2.6877703e+02   1.3688328e+01   5.0000000e+01
   2.6915284e+02   1.3514235e+01   5.0000000e+01
   2.6953733e+02   1.3359555e+01   5.0000000e+01
   2.6992334e+02   1.3209079e+01   5.0000000e+01
   2.7031526e+02   1.3074689e+01   5.0000000e+01
   2.7070873e+02   1.2945032e+01   5.0000000e+01
   2.7110071e+02   1.2811769e+01   5.0000000e+01
   2.7147901e+02   1.2646041e+01   5.0000000e+01
   2.7185033e+02   1.2466024e+01   5.0000000e+01
   2.7220527e+02   1.2258758e+01   5.0000000e+01
   2.7253739e+02   1.2017223e+01   5.0000000e+01
   2.7286267e+02   1.1767305e+01   5.0000000e+01
   2.7317366e+02   1.1501132e+01   5.0000000e+01
   2.7347532e+02   1.1224888e+01   5.0000000e+01
   2.7377636e+02   1.0948285e+01   5.0000000e+01
   2.7408253e+02   1.0677552e+01   5.0000000e+01
   2.7439523e+02   1.0414360e+01   5.0000000e+01
   2.7471489e+02   1.0159792e+01   5.0000000e+01
   2.7505944e+02   9.9392349e+00   5.0000000e+01
   2.7541987e+02   9.7463155e+00   5.0000000e+01
   2.7578644e+02   9.5648155e+00   5.0000000e+01
   2.7613002e+02   9.3437129e+00   5.0000000e+01
   2.7646400e+02   9.1090000e+00   5.0000000e+01
   2.5649100e+02   1.9469000e+01   1.0000000e+02
   2.5685668e+02   1.9327955e+01   1.0000000e+02
   2.5722371e+02   1.9190781e+01   1.0000000e+02
   2.5759211e+02   1.9057705e+01   1.0000000e+02
   2.5796173e+02   1.8928421e+01   1.0000000e+02
   2.5833567e+02   1.8811891e+01   1.0000000e+02
   2.5871296e+02   1.8705909e+01   1.0000000e+02
   2.5909161e+02   1.8605100e+01   1.0000000e+02
   2.5947132e+02   1.8508788e+01   1.0000000e+02
   2.5985752e+02   1.8445148e+01   1.0000000e+02
   2.6024803e+02   1.8405097e+01   1.0000000e+02
   2.6063856e+02   1.8365944e+01   1.0000000e+02
   2.6102870e+02   1.8324256e+01   1.0000000e+02
   2.6141800e+02   1.8276865e+01   1.0000000e+02
   2.6180585e+02   1.8220406e+01   1.0000000e+02
   2.6217010e+02   1.8086674e+01   1.0000000e+02
   2.6252575e+02   1.7930245e+01   1.0000000e+02
   2.6287904e+02   1.7769690e+01   1.0000000e+02
   2.6323181e+02   1.7608724e+01   1.0000000e+02
   2.6359494e+02   1.7471421e+01   1.0000000e+02
   2.6395962e+02   1.7338101e+01   1.0000000e+02
   2.6432105e+02   1.7197834e+01   1.0000000e+02
   2.6467396e+02   1.7039378e+01   1.0000000e+02
   2.6502077e+02   1.6869674e+01   1.0000000e+02
   2.6534661e+02   1.6669282e+01   1.0000000e+02
   2.6562957e+02   1.6413777e+01   1.0000000e+02
   2.6590485e+02   1.6151016e+01   1.0000000e+02
   2.6617927e+02   1.5887849e+01   1.0000000e+02
   2.6647236e+02   1.5644314e+01   1.0000000e+02
   2.6676828e+02   1.5404375e+01   1.0000000e+02
   2.6706772e+02   1.5168936e+01   1.0000000e+02
   2.6737065e+02   1.4938106e+01   1.0000000e+02
   2.6768531e+02   1.4723598e+01   1.0000000e+02
   2.6801514e+02   1.4531204e+01   1.0000000e+02
   2.6834849e+02   1.4345045e+01   1.0000000e+02
   2.6868494e+02   1.4164701e+01   1.0000000e+02
   2.6903285e+02   1.4006819e+01   1.0000000e+02
   2.6938383e+02   1.3855769e+01   1.0000000e+02
   2.6973683e+02   1.3709717e+01   1.0000000e+02
   2.7009164e+02   1.3568375e+01   1.0000000e+02
   2.7045321e+02   1.3445208e+01   1.0000000e+02
   2.7081684e+02   1.3328051e+01   1.0000000e+02
   2.7117877e+02   1.3206508e+01   1.0000000e+02
   2.7152730e+02   1.3053881e+01   1.0000000e+02
   2.7186687e+02   1.2882560e+01   1.0000000e+02
   2.7220109e+02   1.2701897e+01   1.0000000e+02
   2.7251427e+02   1.2489600e+01   1.0000000e+02
   2.7281570e+02   1.2261189e+01   1.0000000e+02
   2.7311209e+02   1.2026870e+01   1.0000000e+02
   2.7340496e+02   1.1788679e+01   1.0000000e+02
   2.7368521e+02   1.1536611e+01   1.0000000e+02
   2.7396435e+02   1.1283637e+01   1.0000000e+02
   2.7424336e+02   1.1030783e+01   1.0000000e+02
   2.7452837e+02   1.0784845e+01   1.0000000e+02
   2.7482444e+02   1.0552029e+01   1.0000000e+02
   2.7512640e+02   1.0326931e+01   1.0000000e+02
   2.7545336e+02   1.0140286e+01   1.0000000e+02
   2.7578840e+02   9.9670572e+00   1.0000000e+02
   2.7611062e+02   9.7718804e+00   1.0000000e+02
   2.7642900e+02   9.5710000e+00   1.0000000e+02
   2.6468400e+02   1.8136000e+01   1.5000000e+02
   2.6487691e+02   1.7988477e+01   1.5000000e+02
   2.6506728e+02   1.7838180e+01   1.5000000e+02
   2.6525599e+02   1.7686189e+01   1.5000000e+02
   2.6544113e+02   1.7530545e+01   1.5000000e+02
   2.6561420e+02   1.7362798e+01   1.5000000e+02
   2.6578496e+02   1.7193045e+01   1.5000000e+02
   2.6595452e+02   1.7022352e+01   1.5000000e+02
   2.6612345e+02   1.6851232e+01   1.5000000e+02
   2.6629205e+02   1.6679945e+01   1.5000000e+02
   2.6646237e+02   1.6510357e+01   1.5000000e+02
   2.6663310e+02   1.6341294e+01   1.5000000e+02
   2.6680435e+02   1.6172850e+01   1.5000000e+02
   2.6697718e+02   1.6006047e+01   1.5000000e+02
   2.6715145e+02   1.5840772e+01   1.5000000e+02
   2.6733213e+02   1.5682419e+01   1.5000000e+02
   2.6752204e+02   1.5534297e+01   1.5000000e+02
   2.6771358e+02   1.5388277e+01   1.5000000e+02
   2.6790681e+02   1.5244524e+01   1.5000000e+02
   2.6810223e+02   1.5103709e+01   1.5000000e+02
   2.6830218e+02   1.4969339e+01   1.5000000e+02
   2.6851055e+02   1.4847458e+01   1.5000000e+02
   2.6872104e+02   1.4729226e+01   1.5000000e+02
   2.6893280e+02   1.4613318e+01   1.5000000e+02
   2.6914763e+02   1.4503301e+01   1.5000000e+02
   2.6937167e+02   1.4412007e+01   1.5000000e+02
   2.6959694e+02   1.4323807e+01   1.5000000e+02
   2.6982296e+02   1.4237667e+01   1.5000000e+02
   2.7004936e+02   1.4152651e+01   1.5000000e+02
   2.7027631e+02   1.4069259e+01   1.5000000e+02
   2.7050340e+02   1.3986431e+01   1.5000000e+02
   2.7073031e+02   1.3903343e+01   1.5000000e+02
   2.7095669e+02   1.3819118e+01   1.5000000e+02
   2.7118229e+02   1.3733147e+01   1.5000000e+02
   2.7140350e+02   1.3637550e+01   1.5000000e+02
   2.7162034e+02   1.3532788e+01   1.5000000e+02
   2.7183506e+02   1.3424166e+01   1.5000000e+02
   2.7204814e+02   1.3312711e+01   1.5000000e+02
   2.7225517e+02   1.3191677e+01   1.5000000e+02
   2.7245066e+02   1.3053292e+01   1.5000000e+02
   2.7264443e+02   1.2912767e+01   1.5000000e+02
   2.7283534e+02   1.2768711e+01   1.5000000e+02
   2.7302476e+02   1.2622926e+01   1.5000000e+02
   2.7321304e+02   1.2475869e+01   1.5000000e+02
   2.7339865e+02   1.2325778e+01   1.5000000e+02
   2.7357622e+02   1.2166756e+01   1.5000000e+02
   2.7375348e+02   1.2007516e+01   1.5000000e+02
   2.7392965e+02   1.1847227e+01   1.5000000e+02
   2.7410538e+02   1.1686589e+01   1.5000000e+02
   2.7428113e+02   1.1526079e+01   1.5000000e+02
   2.7445895e+02   1.1367910e+01   1.5000000e+02
   2.7463943e+02   1.1212738e+01   1.5000000e+02
   2.7482068e+02   1.1058553e+01   1.5000000e+02
   2.7500257e+02   1.0905202e+01   1.5000000e+02
   2.7518612e+02   1.0753887e+01   1.5000000e+02
   2.7537065e+02   1.0603827e+01   1.5000000e+02
   2.7556237e+02   1.0462990e+01   1.5000000e+02
   2.7575787e+02   1.0327264e+01   1.5000000e+02
   2.7595492e+02   1.0193825e+01   1.5000000e+02
   2.7615300e+02   1.0062000e+01   1.5000000e+02
   2.6555400e+02   1.8009000e+01   2.0000000e+02
   2.6570446e+02   1.7853018e+01   2.0000000e+02
   2.6585483e+02   1.7697073e+01   2.0000000e+02
   2.6600490e+02   1.7540972e+01   2.0000000e+02
   2.6615543e+02   1.7385389e+01   2.0000000e+02
   2.6630538e+02   1.7229410e+01   2.0000000e+02
   2.6645428e+02   1.7072632e+01   2.0000000e+02
   2.6660272e+02   1.6915557e+01   2.0000000e+02
   2.6675156e+02   1.6758941e+01   2.0000000e+02
   2.6690119e+02   1.6603121e+01   2.0000000e+02
   2.6705162e+02   1.6448121e+01   2.0000000e+02
   2.6720294e+02   1.6294025e+01   2.0000000e+02
   2.6736053e+02   1.6146111e+01   2.0000000e+02
   2.6752257e+02   1.6002644e+01   2.0000000e+02
   2.6768632e+02   1.5861130e+01   2.0000000e+02
   2.6785127e+02   1.5721026e+01   2.0000000e+02
   2.6801761e+02   1.5582581e+01   2.0000000e+02
   2.6818525e+02   1.5445712e+01   2.0000000e+02
   2.6835750e+02   1.5314568e+01   2.0000000e+02
   2.6853586e+02   1.5191231e+01   2.0000000e+02
   2.6871578e+02   1.5070148e+01   2.0000000e+02
   2.6889766e+02   1.4951987e+01   2.0000000e+02
   2.6908102e+02   1.4836121e+01   2.0000000e+02
   2.6926851e+02   1.4727184e+01   2.0000000e+02
   2.6946744e+02   1.4638905e+01   2.0000000e+02
   2.6966793e+02   1.4554175e+01   2.0000000e+02
   2.6986884e+02   1.4470541e+01   2.0000000e+02
   2.7007079e+02   1.4389482e+01   2.0000000e+02
   2.7027270e+02   1.4308487e+01   2.0000000e+02
   2.7047438e+02   1.4227114e+01   2.0000000e+02
   2.7067605e+02   1.4145886e+01   2.0000000e+02
   2.7087698e+02   1.4063150e+01   2.0000000e+02
   2.7107786e+02   1.3980439e+01   2.0000000e+02
   2.7127817e+02   1.3896615e+01   2.0000000e+02
   2.7147728e+02   1.3810298e+01   2.0000000e+02
   2.7167417e+02   1.3719710e+01   2.0000000e+02
   2.7186538e+02   1.3618199e+01   2.0000000e+02
   2.7205529e+02   1.3514547e+01   2.0000000e+02
   2.7224369e+02   1.3408469e+01   2.0000000e+02
   2.7243025e+02   1.3299499e+01   2.0000000e+02
   2.7260928e+02   1.3179652e+01   2.0000000e+02
   2.7278293e+02   1.3052283e+01   2.0000000e+02
   2.7295431e+02   1.2922143e+01   2.0000000e+02
   2.7312476e+02   1.2790970e+01   2.0000000e+02
   2.7329161e+02   1.2655643e+01   2.0000000e+02
   2.7345312e+02   1.2514300e+01   2.0000000e+02
   2.7361300e+02   1.2371299e+01   2.0000000e+02
   2.7377246e+02   1.2227945e+01   2.0000000e+02
   2.7393054e+02   1.2083232e+01   2.0000000e+02
   2.7408882e+02   1.1938814e+01   2.0000000e+02
   2.7424658e+02   1.1793938e+01   2.0000000e+02
   2.7440386e+02   1.1648649e+01   2.0000000e+02
   2.7456163e+02   1.1503957e+01   2.0000000e+02
   2.7471936e+02   1.1359313e+01   2.0000000e+02
   2.7487738e+02   1.1215064e+01   2.0000000e+02
   2.7503687e+02   1.1072487e+01   2.0000000e+02
   2.7519943e+02   1.0933340e+01   2.0000000e+02
   2.7536317e+02   1.0795627e+01   2.0000000e+02
   2.7552740e+02   1.0658555e+01   2.0000000e+02
   2.7569200e+02   1.0522000e+01   2.0000000e+02
   2.6607600e+02   1.7830000e+01   2.5000000e+02
   2.6621067e+02   1.7680733e+01   2.5000000e+02
   2.6634530e+02   1.7531519e+01   2.5000000e+02
   2.6648026e+02   1.7382677e+01   2.5000000e+02
   2.6661601e+02   1.7234574e+01   2.5000000e+02
   2.6675286e+02   1.7087491e+01   2.5000000e+02
   2.6688920e+02   1.6940062e+01   2.5000000e+02
   2.6702684e+02   1.6793846e+01   2.5000000e+02
   2.6716552e+02   1.6648634e+01   2.5000000e+02
   2.6730648e+02   1.6505523e+01   2.5000000e+02
   2.6744826e+02   1.6363269e+01   2.5000000e+02
   2.6759101e+02   1.6221994e+01   2.5000000e+02
   2.6773470e+02   1.6081712e+01   2.5000000e+02
   2.6787929e+02   1.5942369e+01   2.5000000e+02
   2.6803069e+02   1.5810052e+01   2.5000000e+02
   2.6818450e+02   1.5680384e+01   2.5000000e+02
   2.6833935e+02   1.5551964e+01   2.5000000e+02
   2.6849569e+02   1.5425363e+01   2.5000000e+02
   2.6865563e+02   1.5303236e+01   2.5000000e+02
   2.6881958e+02   1.5186151e+01   2.5000000e+02
   2.6898508e+02   1.5071224e+01   2.5000000e+02
   2.6915182e+02   1.4958119e+01   2.5000000e+02
   2.6931970e+02   1.4846730e+01   2.5000000e+02
   2.6948849e+02   1.4736743e+01   2.5000000e+02
   2.6965928e+02   1.4629800e+01   2.5000000e+02
   2.6984216e+02   1.4543900e+01   2.5000000e+02
   2.7002629e+02   1.4460526e+01   2.5000000e+02
   2.7021114e+02   1.4378791e+01   2.5000000e+02
   2.7039655e+02   1.4298394e+01   2.5000000e+02
   2.7058239e+02   1.4219089e+01   2.5000000e+02
   2.7076791e+02   1.4139244e+01   2.5000000e+02
   2.7095380e+02   1.4060328e+01   2.5000000e+02
   2.7113663e+02   1.3975113e+01   2.5000000e+02
   2.7131875e+02   1.3888618e+01   2.5000000e+02
   2.7150050e+02   1.3801511e+01   2.5000000e+02
   2.7168133e+02   1.3712734e+01   2.5000000e+02
   2.7186124e+02   1.3622345e+01   2.5000000e+02
   2.7204059e+02   1.3531025e+01   2.5000000e+02
   2.7221858e+02   1.3437379e+01   2.5000000e+02
   2.7238865e+02   1.3330963e+01   2.5000000e+02
   2.7255638e+02   1.3221059e+01   2.5000000e+02
   2.7272279e+02   1.3109363e+01   2.5000000e+02
   2.7288781e+02   1.2995839e+01   2.5000000e+02
   2.7304519e+02   1.2872669e+01   2.5000000e+02
   2.7319938e+02   1.2745680e+01   2.5000000e+02
   2.7335234e+02   1.2617394e+01   2.5000000e+02
   2.7350434e+02   1.2488086e+01   2.5000000e+02
   2.7365552e+02   1.2357967e+01   2.5000000e+02
   2.7380627e+02   1.2227441e+01   2.5000000e+02
   2.7395639e+02   1.2096320e+01   2.5000000e+02
   2.7410576e+02   1.1964453e+01   2.5000000e+02
   2.7425436e+02   1.1831838e+01   2.5000000e+02
   2.7440370e+02   1.1700099e+01   2.5000000e+02
   2.7455177e+02   1.1567066e+01   2.5000000e+02
   2.7469973e+02   1.1433983e+01   2.5000000e+02
   2.7484765e+02   1.1300945e+01   2.5000000e+02
   2.7499542e+02   1.1167816e+01   2.5000000e+02
   2.7514265e+02   1.1034178e+01   2.5000000e+02
   2.7528984e+02   1.0900573e+01   2.5000000e+02
   2.7543700e+02   1.0767000e+01   2.5000000e+02
   2.6833000e+02   1.5707000e+01   3.0000000e+02
   2.6842131e+02   1.5604302e+01   3.0000000e+02
   2.6851497e+02   1.5503627e+01   3.0000000e+02
   2.6861059e+02   1.5404709e+01   3.0000000e+02
   2.6870775e+02   1.5307245e+01   3.0000000e+02
   2.6880677e+02   1.5211593e+01   3.0000000e+02
   2.6890765e+02   1.5117806e+01   3.0000000e+02
   2.6901013e+02   1.5025674e+01   3.0000000e+02
   2.6912769e+02   1.4952384e+01   3.0000000e+02
   2.6924630e+02   1.4880673e+01   3.0000000e+02
   2.6936655e+02   1.4811624e+01   3.0000000e+02
   2.6948751e+02   1.4743815e+01   3.0000000e+02
   2.6960908e+02   1.4677084e+01   3.0000000e+02
   2.6973167e+02   1.4612192e+01   3.0000000e+02
   2.6985454e+02   1.4547889e+01   3.0000000e+02
   2.6997765e+02   1.4484066e+01   3.0000000e+02
   2.7010138e+02   1.4421436e+01   3.0000000e+02
   2.7022744e+02   1.4363424e+01   3.0000000e+02
   2.7035394e+02   1.4306346e+01   3.0000000e+02
   2.7048058e+02   1.4249651e+01   3.0000000e+02
   2.7060738e+02   1.4193343e+01   3.0000000e+02
   2.7073402e+02   1.4136748e+01   3.0000000e+02
   2.7086080e+02   1.4080528e+01   3.0000000e+02
   2.7098735e+02   1.4023893e+01   3.0000000e+02
   2.7111408e+02   1.3967708e+01   3.0000000e+02
   2.7124050e+02   1.3910933e+01   3.0000000e+02
   2.7136681e+02   1.3853989e+01   3.0000000e+02
   2.7149273e+02   1.3796304e+01   3.0000000e+02
   2.7161846e+02   1.3738279e+01   3.0000000e+02
   2.7174391e+02   1.3679771e+01   3.0000000e+02
   2.7186919e+02   1.3620969e+01   3.0000000e+02
   2.7199398e+02   1.3561234e+01   3.0000000e+02
   2.7211671e+02   1.3498036e+01   3.0000000e+02
   2.7223238e+02   1.3423041e+01   3.0000000e+02
   2.7234783e+02   1.3347785e+01   3.0000000e+02
   2.7246246e+02   1.3271407e+01   3.0000000e+02
   2.7257672e+02   1.3194557e+01   3.0000000e+02
   2.7269024e+02   1.3116721e+01   3.0000000e+02
   2.7280326e+02   1.3038237e+01   3.0000000e+02
   2.7291613e+02   1.2959600e+01   3.0000000e+02
   2.7302843e+02   1.2880239e+01   3.0000000e+02
   2.7313984e+02   1.2799751e+01   3.0000000e+02
   2.7325082e+02   1.2718738e+01   3.0000000e+02
   2.7336109e+02   1.2636861e+01   3.0000000e+02
   2.7347022e+02   1.2553658e+01   3.0000000e+02
   2.7357341e+02   1.2463489e+01   3.0000000e+02
   2.7367571e+02   1.2372402e+01   3.0000000e+02
   2.7377810e+02   1.2281447e+01   3.0000000e+02
   2.7387947e+02   1.2189449e+01   3.0000000e+02
   2.7398072e+02   1.2097348e+01   3.0000000e+02
   2.7408178e+02   1.2005098e+01   3.0000000e+02
   2.7418224e+02   1.1912251e+01   3.0000000e+02
   2.7428318e+02   1.1819953e+01   3.0000000e+02
   2.7438360e+02   1.1727139e+01   3.0000000e+02
   2.7448469e+02   1.1635058e+01   3.0000000e+02
   2.7458578e+02   1.1543017e+01   3.0000000e+02
   2.7468686e+02   1.1450994e+01   3.0000000e+02
   2.7478695e+02   1.1357984e+01   3.0000000e+02
   2.7488798e+02   1.1265977e+01   3.0000000e+02
   2.7498900e+02   1.1174000e+01   3.0000000e+02
