   2.9928400e+02   1.1390000e+01   0.0000000e+00
   2.9943907e+02   1.1637225e+01   0.0000000e+00
   2.9958133e+02   1.1891810e+01   0.0000000e+00
   2.9967969e+02   1.2165041e+01   0.0000000e+00
   2.9975959e+02   1.2444555e+01   0.0000000e+00
   2.9982962e+02   1.2726602e+01   0.0000000e+00
   2.9987842e+02   1.3012795e+01   0.0000000e+00
   2.9991913e+02   1.3300292e+01   0.0000000e+00
   2.9995567e+02   1.3588326e+01   0.0000000e+00
   2.9998321e+02   1.3877300e+01   0.0000000e+00
   3.0000583e+02   1.4166690e+01   0.0000000e+00
   3.0002469e+02   1.4456333e+01   0.0000000e+00
   3.0003011e+02   1.4746402e+01   0.0000000e+00
   3.0002219e+02   1.5036518e+01   0.0000000e+00
   3.0000591e+02   1.5326299e+01   0.0000000e+00
   2.9995574e+02   1.5611555e+01   0.0000000e+00
   2.9987614e+02   1.5891468e+01   0.0000000e+00
   2.9978572e+02   1.6168362e+01   0.0000000e+00
   2.9968191e+02   1.6440625e+01   0.0000000e+00
   2.9955188e+02   1.6702715e+01   0.0000000e+00
   2.9941615e+02   1.6962226e+01   0.0000000e+00
   2.9927396e+02   1.7218650e+01   0.0000000e+00
   2.9911988e+02   1.7468678e+01   0.0000000e+00
   2.9895288e+02   1.7711333e+01   0.0000000e+00
   2.9878035e+02   1.7950604e+01   0.0000000e+00
   2.9860212e+02   1.8186220e+01   0.0000000e+00
   2.9840040e+02   1.8404158e+01   0.0000000e+00
   2.9818973e+02   1.8614652e+01   0.0000000e+00
   2.9797209e+02   1.8818916e+01   0.0000000e+00
   2.9772729e+02   1.8993019e+01   0.0000000e+00
   2.9747057e+02   1.9152243e+01   0.0000000e+00
   2.9720579e+02   1.9299592e+01   0.0000000e+00
   2.9692073e+02   1.9407165e+01   0.0000000e+00
   2.9662705e+02   1.9493985e+01   0.0000000e+00
   2.9632688e+02   1.9555412e+01   0.0000000e+00
   2.9602021e+02   1.9582386e+01   0.0000000e+00
   2.9571266e+02   1.9598839e+01   0.0000000e+00
   2.9540469e+02   1.9601603e+01   0.0000000e+00
   2.9509667e+02   1.9596304e+01   0.0000000e+00
   2.9478887e+02   1.9585169e+01   0.0000000e+00
   2.9448138e+02   1.9568081e+01   0.0000000e+00
   2.9417386e+02   1.9551933e+01   0.0000000e+00
   2.9386607e+02   1.9543780e+01   0.0000000e+00
   2.9355813e+02   1.9541000e+01   0.0000000e+00
   2.9325017e+02   1.9540000e+01   0.0000000e+00
   2.9294222e+02   1.9541000e+01   0.0000000e+00
   2.9263426e+02   1.9542923e+01   0.0000000e+00
   2.9232635e+02   1.9548397e+01   0.0000000e+00
   2.9201845e+02   1.9554948e+01   0.0000000e+00
   2.9171063e+02   1.9564668e+01   0.0000000e+00
   2.9140294e+02   1.9577704e+01   0.0000000e+00
   2.9109758e+02   1.9612953e+01   0.0000000e+00
   2.9079534e+02   1.9669379e+01   0.0000000e+00
   2.9049720e+02   1.9742524e+01   0.0000000e+00
   2.9020348e+02   1.9831082e+01   0.0000000e+00
   2.8991476e+02   1.9933345e+01   0.0000000e+00
   2.8962906e+02   2.0043529e+01   0.0000000e+00
   2.8934271e+02   2.0152673e+01   0.0000000e+00
   2.8904724e+02   2.0234112e+01   0.0000000e+00
   2.8873900e+02   2.0257000e+01   0.0000000e+00
   2.9737000e+02   1.0305000e+01   5.0000000e+01
   2.9763461e+02   1.0441158e+01   5.0000000e+01
   2.9789119e+02   1.0591656e+01   5.0000000e+01
   2.9811194e+02   1.0787693e+01   5.0000000e+01
   2.9831257e+02   1.1005584e+01   5.0000000e+01
   2.9850177e+02   1.1233241e+01   5.0000000e+01
   2.9868057e+02   1.1468965e+01   5.0000000e+01
   2.9884905e+02   1.1711992e+01   5.0000000e+01
   2.9899015e+02   1.1970409e+01   5.0000000e+01
   2.9910608e+02   1.2241443e+01   5.0000000e+01
   2.9921054e+02   1.2516933e+01   5.0000000e+01
   2.9928810e+02   1.2799923e+01   5.0000000e+01
   2.9933540e+02   1.3090063e+01   5.0000000e+01
   2.9937235e+02   1.3381628e+01   5.0000000e+01
   2.9940053e+02   1.3674132e+01   5.0000000e+01
   2.9942080e+02   1.3967252e+01   5.0000000e+01
   2.9941190e+02   1.4260669e+01   5.0000000e+01
   2.9938863e+02   1.4553579e+01   5.0000000e+01
   2.9935600e+02   1.4845666e+01   5.0000000e+01
   2.9931274e+02   1.5136456e+01   5.0000000e+01
   2.9921793e+02   1.5415489e+01   5.0000000e+01
   2.9911236e+02   1.5691106e+01   5.0000000e+01
   2.9899730e+02   1.5963241e+01   5.0000000e+01
   2.9887116e+02   1.6230635e+01   5.0000000e+01
   2.9871891e+02   1.6485522e+01   5.0000000e+01
   2.9855982e+02   1.6736654e+01   5.0000000e+01
   2.9839365e+02   1.6983671e+01   5.0000000e+01
   2.9822025e+02   1.7226149e+01   5.0000000e+01
   2.9801954e+02   1.7448869e+01   5.0000000e+01
   2.9781282e+02   1.7666742e+01   5.0000000e+01
   2.9759179e+02   1.7871484e+01   5.0000000e+01
   2.9735900e+02   1.8064545e+01   5.0000000e+01
   2.9711692e+02   1.8247261e+01   5.0000000e+01
   2.9685673e+02   1.8403511e+01   5.0000000e+01
   2.9656486e+02   1.8501682e+01   5.0000000e+01
   2.9626699e+02   1.8582519e+01   5.0000000e+01
   2.9596248e+02   1.8632474e+01   5.0000000e+01
   2.9565295e+02   1.8649220e+01   5.0000000e+01
   2.9534306e+02   1.8659791e+01   5.0000000e+01
   2.9503320e+02   1.8671510e+01   5.0000000e+01
   2.9472328e+02   1.8682197e+01   5.0000000e+01
   2.9441334e+02   1.8692919e+01   5.0000000e+01
   2.9410347e+02   1.8705738e+01   5.0000000e+01
   2.9379362e+02   1.8719439e+01   5.0000000e+01
   2.9348375e+02   1.8733403e+01   5.0000000e+01
   2.9317397e+02   1.8749518e+01   5.0000000e+01
   2.9286460e+02   1.8771551e+01   5.0000000e+01
   2.9255559e+02   1.8798620e+01   5.0000000e+01
   2.9224663e+02   1.8826591e+01   5.0000000e+01
   2.9193771e+02   1.8855517e+01   5.0000000e+01
   2.9162885e+02   1.8885498e+01   5.0000000e+01
   2.9132000e+02   1.8916097e+01   5.0000000e+01
   2.9101139e+02   1.8949308e+01   5.0000000e+01
   2.9070369e+02   1.8989241e+01   5.0000000e+01
   2.9039966e+02   1.9050002e+01   5.0000000e+01
   2.9009698e+02   1.9116981e+01   5.0000000e+01
   2.8979600e+02   1.9190942e+01   5.0000000e+01
   2.8950553e+02   1.9296005e+01   5.0000000e+01
   2.8921925e+02   1.9411557e+01   5.0000000e+01
   2.8893600e+02   1.9534000e+01   5.0000000e+01
   2.9722800e+02   1.0536000e+01   1.0000000e+02
   2.9746753e+02   1.0669514e+01   1.0000000e+02
   2.9770019e+02   1.0814458e+01   1.0000000e+02
   2.9791817e+02   1.0979122e+01   1.0000000e+02
   2.9811536e+02   1.1168359e+01   1.0000000e+02
   2.9829828e+02   1.1370626e+01   1.0000000e+02
   2.9846232e+02   1.1588368e+01   1.0000000e+02
   2.9861773e+02   1.1812190e+01   1.0000000e+02
   2.9874590e+02   1.2051593e+01   1.0000000e+02
   2.9885722e+02   1.2299421e+01   1.0000000e+02
   2.9895910e+02   1.2551146e+01   1.0000000e+02
   2.9903022e+02   1.2812145e+01   1.0000000e+02
   2.9907991e+02   1.3078459e+01   1.0000000e+02
   2.9912035e+02   1.3346251e+01   1.0000000e+02
   2.9915227e+02   1.3615147e+01   1.0000000e+02
   2.9915600e+02   1.3885636e+01   1.0000000e+02
   2.9914844e+02   1.4156211e+01   1.0000000e+02
   2.9913204e+02   1.4426413e+01   1.0000000e+02
   2.9910665e+02   1.4695860e+01   1.0000000e+02
   2.9903956e+02   1.4958647e+01   1.0000000e+02
   2.9896355e+02   1.5219180e+01   1.0000000e+02
   2.9887832e+02   1.5477075e+01   1.0000000e+02
   2.9877977e+02   1.5730221e+01   1.0000000e+02
   2.9865058e+02   1.5970675e+01   1.0000000e+02
   2.9851515e+02   1.6208025e+01   1.0000000e+02
   2.9837067e+02   1.6440403e+01   1.0000000e+02
   2.9821446e+02   1.6665890e+01   1.0000000e+02
   2.9805224e+02   1.6887579e+01   1.0000000e+02
   2.9787768e+02   1.7100195e+01   1.0000000e+02
   2.9768129e+02   1.7295297e+01   1.0000000e+02
   2.9747865e+02   1.7484685e+01   1.0000000e+02
   2.9727044e+02   1.7668713e+01   1.0000000e+02
   2.9704633e+02   1.7834965e+01   1.0000000e+02
   2.9681293e+02   1.7989642e+01   1.0000000e+02
   2.9655717e+02   1.8104371e+01   1.0000000e+02
   2.9628386e+02   1.8180478e+01   1.0000000e+02
   2.9600640e+02   1.8241769e+01   1.0000000e+02
   2.9572260e+02   1.8266820e+01   1.0000000e+02
   2.9543829e+02   1.8286580e+01   1.0000000e+02
   2.9515423e+02   1.8309551e+01   1.0000000e+02
   2.9487025e+02   1.8333958e+01   1.0000000e+02
   2.9458627e+02   1.8358746e+01   1.0000000e+02
   2.9430212e+02   1.8382199e+01   1.0000000e+02
   2.9401779e+02   1.8403968e+01   1.0000000e+02
   2.9373339e+02   1.8425364e+01   1.0000000e+02
   2.9344901e+02   1.8447429e+01   1.0000000e+02
   2.9316477e+02   1.8471401e+01   1.0000000e+02
   2.9288049e+02   1.8495449e+01   1.0000000e+02
   2.9259627e+02   1.8520493e+01   1.0000000e+02
   2.9231200e+02   1.8545545e+01   1.0000000e+02
   2.9202792e+02   1.8572747e+01   1.0000000e+02
   2.9174398e+02   1.8601786e+01   1.0000000e+02
   2.9146001e+02   1.8630931e+01   1.0000000e+02
   2.9117598e+02   1.8659980e+01   1.0000000e+02
   2.9089165e+02   1.8686657e+01   1.0000000e+02
   2.9060718e+02   1.8712411e+01   1.0000000e+02
   2.9032309e+02   1.8742046e+01   1.0000000e+02
   2.9004046e+02   1.8781137e+01   1.0000000e+02
   2.8976233e+02   1.8843971e+01   1.0000000e+02
   2.8948600e+02   1.8914000e+01   1.0000000e+02
   2.9709200e+02   1.0776000e+01   1.5000000e+02
   2.9729869e+02   1.0901998e+01   1.5000000e+02
   2.9749960e+02   1.1036802e+01   1.5000000e+02
   2.9768208e+02   1.1194594e+01   1.5000000e+02
   2.9785495e+02   1.1362949e+01   1.5000000e+02
   2.9800762e+02   1.1548395e+01   1.5000000e+02
   2.9814217e+02   1.1747704e+01   1.5000000e+02
   2.9826782e+02   1.1952547e+01   1.5000000e+02
   2.9838726e+02   1.2160979e+01   1.5000000e+02
   2.9848834e+02   1.2377980e+01   1.5000000e+02
   2.9856504e+02   1.2604874e+01   1.5000000e+02
   2.9863489e+02   1.2833887e+01   1.5000000e+02
   2.9869653e+02   1.3065140e+01   1.5000000e+02
   2.9873813e+02   1.3300184e+01   1.5000000e+02
   2.9876243e+02   1.3537941e+01   1.5000000e+02
   2.9877951e+02   1.3776297e+01   1.5000000e+02
   2.9878977e+02   1.4015020e+01   1.5000000e+02
   2.9879009e+02   1.4253775e+01   1.5000000e+02
   2.9875896e+02   1.4490799e+01   1.5000000e+02
   2.9871984e+02   1.4726715e+01   1.5000000e+02
   2.9867293e+02   1.4961309e+01   1.5000000e+02
   2.9861151e+02   1.5192288e+01   1.5000000e+02
   2.9851255e+02   1.5411322e+01   1.5000000e+02
   2.9840644e+02   1.5627281e+01   1.5000000e+02
   2.9829398e+02   1.5840294e+01   1.5000000e+02
   2.9816711e+02   1.6045668e+01   1.5000000e+02
   2.9803351e+02   1.6247228e+01   1.5000000e+02
   2.9789446e+02   1.6445436e+01   1.5000000e+02
   2.9774329e+02   1.6635093e+01   1.5000000e+02
   2.9757821e+02   1.6814242e+01   1.5000000e+02
   2.9740796e+02   1.6989041e+01   1.5000000e+02
   2.9722235e+02   1.7148608e+01   1.5000000e+02
   2.9702509e+02   1.7295540e+01   1.5000000e+02
   2.9682224e+02   1.7435543e+01   1.5000000e+02
   2.9661079e+02   1.7562882e+01   1.5000000e+02
   2.9637656e+02   1.7647931e+01   1.5000000e+02
   2.9613908e+02   1.7724713e+01   1.5000000e+02
   2.9589845e+02   1.7792350e+01   1.5000000e+02
   2.9565318e+02   1.7841944e+01   1.5000000e+02
   2.9540518e+02   1.7878963e+01   1.5000000e+02
   2.9515679e+02   1.7913967e+01   1.5000000e+02
   2.9490821e+02   1.7947972e+01   1.5000000e+02
   2.9465943e+02   1.7981009e+01   1.5000000e+02
   2.9441060e+02   1.8014030e+01   1.5000000e+02
   2.9416172e+02   1.8046982e+01   1.5000000e+02
   2.9391256e+02   1.8078306e+01   1.5000000e+02
   2.9366335e+02   1.8109551e+01   1.5000000e+02
   2.9341394e+02   1.8139719e+01   1.5000000e+02
   2.9316426e+02   1.8168092e+01   1.5000000e+02
   2.9291368e+02   1.8187407e+01   1.5000000e+02
   2.9266260e+02   1.8201355e+01   1.5000000e+02
   2.9241149e+02   1.8215306e+01   1.5000000e+02
   2.9216046e+02   1.8230555e+01   1.5000000e+02
   2.9191078e+02   1.8259972e+01   1.5000000e+02
   2.9166133e+02   1.8291437e+01   1.5000000e+02
   2.9141184e+02   1.8322887e+01   1.5000000e+02
   2.9116212e+02   1.8352896e+01   1.5000000e+02
   2.9091121e+02   1.8372566e+01   1.5000000e+02
   2.9066020e+02   1.8391268e+01   1.5000000e+02
   2.9040900e+02   1.8408000e+01   1.5000000e+02
   2.9724900e+02   1.1077000e+01   2.0000000e+02
   2.9740524e+02   1.1226789e+01   2.0000000e+02
   2.9755658e+02   1.1381403e+01   2.0000000e+02
   2.9769964e+02   1.1543091e+01   2.0000000e+02
   2.9781879e+02   1.1722839e+01   2.0000000e+02
   2.9793305e+02   1.1905647e+01   2.0000000e+02
   2.9804086e+02   1.2092229e+01   2.0000000e+02
   2.9814311e+02   1.2281823e+01   2.0000000e+02
   2.9823922e+02   1.2474467e+01   2.0000000e+02
   2.9831016e+02   1.2676434e+01   2.0000000e+02
   2.9836305e+02   1.2884448e+01   2.0000000e+02
   2.9840850e+02   1.3094127e+01   2.0000000e+02
   2.9844930e+02   1.3304731e+01   2.0000000e+02
   2.9848442e+02   1.3516309e+01   2.0000000e+02
   2.9851414e+02   1.3728676e+01   2.0000000e+02
   2.9853274e+02   1.3941977e+01   2.0000000e+02
   2.9853168e+02   1.4156292e+01   2.0000000e+02
   2.9852408e+02   1.4370474e+01   2.0000000e+02
   2.9850897e+02   1.4584293e+01   2.0000000e+02
   2.9846791e+02   1.4794156e+01   2.0000000e+02
   2.9840580e+02   1.4999887e+01   2.0000000e+02
   2.9833499e+02   1.5203002e+01   2.0000000e+02
   2.9825650e+02   1.5403490e+01   2.0000000e+02
   2.9814761e+02   1.5589955e+01   2.0000000e+02
   2.9802843e+02   1.5770975e+01   2.0000000e+02
   2.9790373e+02   1.5948579e+01   2.0000000e+02
   2.9776975e+02   1.6119840e+01   2.0000000e+02
   2.9763014e+02   1.6287056e+01   2.0000000e+02
   2.9748703e+02   1.6451607e+01   2.0000000e+02
   2.9733415e+02   1.6607631e+01   2.0000000e+02
   2.9716759e+02   1.6750728e+01   2.0000000e+02
   2.9699649e+02   1.6888945e+01   2.0000000e+02
   2.9682056e+02   1.7021647e+01   2.0000000e+02
   2.9663843e+02   1.7146199e+01   2.0000000e+02
   2.9643453e+02   1.7235541e+01   2.0000000e+02
   2.9622764e+02   1.7318603e+01   2.0000000e+02
   2.9601826e+02   1.7396037e+01   2.0000000e+02
   2.9580624e+02   1.7466591e+01   2.0000000e+02
   2.9558872e+02   1.7520405e+01   2.0000000e+02
   2.9536999e+02   1.7569773e+01   2.0000000e+02
   2.9515063e+02   1.7616801e+01   2.0000000e+02
   2.9493025e+02   1.7659342e+01   2.0000000e+02
   2.9470802e+02   1.7692548e+01   2.0000000e+02
   2.9448534e+02   1.7723160e+01   2.0000000e+02
   2.9426234e+02   1.7751781e+01   2.0000000e+02
   2.9403923e+02   1.7779846e+01   2.0000000e+02
   2.9381589e+02   1.7806457e+01   2.0000000e+02
   2.9359216e+02   1.7830315e+01   2.0000000e+02
   2.9336840e+02   1.7854060e+01   2.0000000e+02
   2.9314444e+02   1.7876396e+01   2.0000000e+02
   2.9292046e+02   1.7898754e+01   2.0000000e+02
   2.9269634e+02   1.7920018e+01   2.0000000e+02
   2.9247183e+02   1.7937478e+01   2.0000000e+02
   2.9224731e+02   1.7955020e+01   2.0000000e+02
   2.9202286e+02   1.7973635e+01   2.0000000e+02
   2.9179857e+02   1.7994243e+01   2.0000000e+02
   2.9157454e+02   1.8017332e+01   2.0000000e+02
   2.9135335e+02   1.8058553e+01   2.0000000e+02
   2.9113291e+02   1.8103525e+01   2.0000000e+02
   2.9091300e+02   1.8151000e+01   2.0000000e+02
