   1.2952900e+02   1.5350000e+00   0.0000000e+00
   1.2951418e+02   1.7985369e+00   0.0000000e+00
   1.2948259e+02   2.0603475e+00   0.0000000e+00
   1.2943094e+02   2.3192017e+00   0.0000000e+00
   1.2935945e+02   2.5731157e+00   0.0000000e+00
   1.2927281e+02   2.8224701e+00   0.0000000e+00
   1.2915642e+02   3.0592752e+00   0.0000000e+00
   1.2904150e+02   3.2968390e+00   0.0000000e+00
   1.2893983e+02   3.5405130e+00   0.0000000e+00
   1.2883960e+02   3.7848001e+00   0.0000000e+00
   1.2873322e+02   4.0264762e+00   0.0000000e+00
   1.2861484e+02   4.2622670e+00   0.0000000e+00
   1.2845927e+02   4.4758262e+00   0.0000000e+00
   1.2830236e+02   4.6884654e+00   0.0000000e+00
   1.2814712e+02   4.9023531e+00   0.0000000e+00
   1.2799489e+02   5.1184100e+00   0.0000000e+00
   1.2785125e+02   5.3402183e+00   0.0000000e+00
   1.2772907e+02   5.5742999e+00   0.0000000e+00
   1.2761842e+02   5.8141939e+00   0.0000000e+00
   1.2751727e+02   6.0582179e+00   0.0000000e+00
   1.2745314e+02   6.3133353e+00   0.0000000e+00
   1.2742008e+02   6.5752252e+00   0.0000000e+00
   1.2740865e+02   6.8389333e+00   0.0000000e+00
   1.2740996e+02   7.1027350e+00   0.0000000e+00
   1.2742483e+02   7.3662917e+00   0.0000000e+00
   1.2742376e+02   7.6301379e+00   0.0000000e+00
   1.2741151e+02   7.8938169e+00   0.0000000e+00
   1.2737843e+02   8.1556896e+00   0.0000000e+00
   1.2733297e+02   8.4156603e+00   0.0000000e+00
   1.2726043e+02   8.6696760e+00   0.0000000e+00
   1.2717704e+02   8.9203074e+00   0.0000000e+00
   1.2707414e+02   9.1639308e+00   0.0000000e+00
   1.2697805e+02   9.4100939e+00   0.0000000e+00
   1.2689709e+02   9.6616988e+00   0.0000000e+00
   1.2682763e+02   9.9165956e+00   0.0000000e+00
   1.2675756e+02   1.0171312e+01   0.0000000e+00
   1.2667159e+02   1.0421360e+01   0.0000000e+00
   1.2659039e+02   1.0672925e+01   0.0000000e+00
   1.2651437e+02   1.0926105e+01   0.0000000e+00
   1.2644118e+02   1.1180102e+01   0.0000000e+00
   1.2636872e+02   1.1434323e+01   0.0000000e+00
   1.2628719e+02   1.1685883e+01   0.0000000e+00
   1.2619905e+02   1.1935348e+01   0.0000000e+00
   1.2609522e+02   1.2178824e+01   0.0000000e+00
   1.2598019e+02   1.2417667e+01   0.0000000e+00
   1.2585745e+02   1.2652524e+01   0.0000000e+00
   1.2571120e+02   1.2873516e+01   0.0000000e+00
   1.2561469e+02   1.3119733e+01   0.0000000e+00
   1.2554805e+02   1.3375499e+01   0.0000000e+00
   1.2549224e+02   1.3633823e+01   0.0000000e+00
   1.2541226e+02   1.3885797e+01   0.0000000e+00
   1.2531277e+02   1.4131350e+01   0.0000000e+00
   1.2519131e+02   1.4367582e+01   0.0000000e+00
   1.2504362e+02   1.4589393e+01   0.0000000e+00
   1.2486656e+02   1.4788843e+01   0.0000000e+00
   1.2466408e+02   1.4965949e+01   0.0000000e+00
   1.2445362e+02   1.5134352e+01   0.0000000e+00
   1.2423165e+02   1.5288274e+01   0.0000000e+00
   1.2399857e+02   1.5426583e+01   0.0000000e+00
   1.2375700e+02   1.5551000e+01   0.0000000e+00
   1.2912200e+02   9.7200000e-01   5.0000000e+01
   1.2910756e+02   1.2306646e+00   5.0000000e+01
   1.2908303e+02   1.4884819e+00   5.0000000e+01
   1.2904209e+02   1.7442926e+00   5.0000000e+01
   1.2899330e+02   1.9987105e+00   5.0000000e+01
   1.2890884e+02   2.2434573e+00   5.0000000e+01
   1.2881533e+02   2.4850945e+00   5.0000000e+01
   1.2871611e+02   2.7244518e+00   5.0000000e+01
   1.2860810e+02   2.9599928e+00   5.0000000e+01
   1.2849750e+02   3.1943444e+00   5.0000000e+01
   1.2838227e+02   3.4264534e+00   5.0000000e+01
   1.2826279e+02   3.6564536e+00   5.0000000e+01
   1.2814055e+02   3.8850204e+00   5.0000000e+01
   1.2801525e+02   4.1118681e+00   5.0000000e+01
   1.2788088e+02   4.3335910e+00   5.0000000e+01
   1.2774554e+02   4.5547583e+00   5.0000000e+01
   1.2761263e+02   4.7774049e+00   5.0000000e+01
   1.2749185e+02   5.0065351e+00   5.0000000e+01
   1.2738597e+02   5.2431649e+00   5.0000000e+01
   1.2728613e+02   5.4824059e+00   5.0000000e+01
   1.2719315e+02   5.7243890e+00   5.0000000e+01
   1.2712806e+02   5.9747076e+00   5.0000000e+01
   1.2707994e+02   6.2293160e+00   5.0000000e+01
   1.2703692e+02   6.4848351e+00   5.0000000e+01
   1.2701356e+02   6.7428709e+00   5.0000000e+01
   1.2699127e+02   7.0009983e+00   5.0000000e+01
   1.2696897e+02   7.2591248e+00   5.0000000e+01
   1.2693203e+02   7.5154158e+00   5.0000000e+01
   1.2688397e+02   7.7700730e+00   5.0000000e+01
   1.2683052e+02   8.0236809e+00   5.0000000e+01
   1.2675922e+02   8.2727632e+00   5.0000000e+01
   1.2667916e+02   8.5194326e+00   5.0000000e+01
   1.2659651e+02   8.7652866e+00   5.0000000e+01
   1.2651184e+02   9.0104824e+00   5.0000000e+01
   1.2642860e+02   9.2561779e+00   5.0000000e+01
   1.2634598e+02   9.5020962e+00   5.0000000e+01
   1.2626163e+02   9.7474626e+00   5.0000000e+01
   1.2617828e+02   9.9931733e+00   5.0000000e+01
   1.2609246e+02   1.0238087e+01   5.0000000e+01
   1.2600512e+02   1.0482501e+01   5.0000000e+01
   1.2591851e+02   1.0727191e+01   5.0000000e+01
   1.2582980e+02   1.0971173e+01   5.0000000e+01
   1.2574111e+02   1.1215190e+01   5.0000000e+01
   1.2564865e+02   1.1457883e+01   5.0000000e+01
   1.2555318e+02   1.1699489e+01   5.0000000e+01
   1.2545649e+02   1.1940660e+01   5.0000000e+01
   1.2535947e+02   1.2181739e+01   5.0000000e+01
   1.2525513e+02   1.2419904e+01   5.0000000e+01
   1.2514774e+02   1.2656822e+01   5.0000000e+01
   1.2503900e+02   1.2893199e+01   5.0000000e+01
   1.2492851e+02   1.3128848e+01   5.0000000e+01
   1.2481462e+02   1.3363000e+01   5.0000000e+01
   1.2469276e+02   1.3593354e+01   5.0000000e+01
   1.2452844e+02   1.3797039e+01   5.0000000e+01
   1.2435460e+02   1.3993610e+01   5.0000000e+01
   1.2417666e+02   1.4186826e+01   5.0000000e+01
   1.2399087e+02   1.4372867e+01   5.0000000e+01
   1.2379134e+02   1.4545457e+01   5.0000000e+01
   1.2358685e+02   1.4712695e+01   5.0000000e+01
   1.2337800e+02   1.4875000e+01   5.0000000e+01
   1.2776600e+02   3.9940000e+00   1.0000000e+02
   1.2767018e+02   4.1600069e+00   1.0000000e+02
   1.2757776e+02   4.3279347e+00   1.0000000e+02
   1.2748724e+02   4.4968905e+00   1.0000000e+02
   1.2739999e+02   4.6675664e+00   1.0000000e+02
   1.2732364e+02   4.8433003e+00   1.0000000e+02
   1.2725125e+02   5.0207618e+00   1.0000000e+02
   1.2718193e+02   5.1994355e+00   1.0000000e+02
   1.2711539e+02   5.3791672e+00   1.0000000e+02
   1.2705153e+02   5.5598678e+00   1.0000000e+02
   1.2699046e+02   5.7415267e+00   1.0000000e+02
   1.2695243e+02   5.9292479e+00   1.0000000e+02
   1.2691975e+02   6.1180271e+00   1.0000000e+02
   1.2688875e+02   6.3070858e+00   1.0000000e+02
   1.2686021e+02   6.4965306e+00   1.0000000e+02
   1.2683298e+02   6.6861679e+00   1.0000000e+02
   1.2680781e+02   6.8760831e+00   1.0000000e+02
   1.2678299e+02   7.0660487e+00   1.0000000e+02
   1.2675754e+02   7.2559321e+00   1.0000000e+02
   1.2672971e+02   7.4454661e+00   1.0000000e+02
   1.2668486e+02   7.6317904e+00   1.0000000e+02
   1.2663755e+02   7.8175190e+00   1.0000000e+02
   1.2658879e+02   8.0028860e+00   1.0000000e+02
   1.2653789e+02   8.1876924e+00   1.0000000e+02
   1.2648260e+02   8.3712450e+00   1.0000000e+02
   1.2642285e+02   8.5534546e+00   1.0000000e+02
   1.2636205e+02   8.7353370e+00   1.0000000e+02
   1.2630057e+02   8.9170029e+00   1.0000000e+02
   1.2623848e+02   9.0984796e+00   1.0000000e+02
   1.2617543e+02   9.2796412e+00   1.0000000e+02
   1.2611075e+02   9.4602561e+00   1.0000000e+02
   1.2604568e+02   9.6407446e+00   1.0000000e+02
   1.2598014e+02   9.8210790e+00   1.0000000e+02
   1.2591383e+02   1.0001153e+01   1.0000000e+02
   1.2584759e+02   1.0181265e+01   1.0000000e+02
   1.2577985e+02   1.0360848e+01   1.0000000e+02
   1.2571219e+02   1.0540472e+01   1.0000000e+02
   1.2564406e+02   1.0719944e+01   1.0000000e+02
   1.2557578e+02   1.0899375e+01   1.0000000e+02
   1.2550673e+02   1.1078537e+01   1.0000000e+02
   1.2543738e+02   1.1257607e+01   1.0000000e+02
   1.2536729e+02   1.1436412e+01   1.0000000e+02
   1.2529640e+02   1.1614932e+01   1.0000000e+02
   1.2522501e+02   1.1793276e+01   1.0000000e+02
   1.2515212e+02   1.1971058e+01   1.0000000e+02
   1.2507835e+02   1.2148513e+01   1.0000000e+02
   1.2499774e+02   1.2323063e+01   1.0000000e+02
   1.2491288e+02   1.2495759e+01   1.0000000e+02
   1.2482532e+02   1.2667200e+01   1.0000000e+02
   1.2473464e+02   1.2837111e+01   1.0000000e+02
   1.2464025e+02   1.3005051e+01   1.0000000e+02
   1.2452827e+02   1.3162522e+01   1.0000000e+02
   1.2441257e+02   1.3317457e+01   1.0000000e+02
   1.2429445e+02   1.3470719e+01   1.0000000e+02
   1.2416710e+02   1.3616725e+01   1.0000000e+02
   1.2403308e+02   1.3757209e+01   1.0000000e+02
   1.2389696e+02   1.3895861e+01   1.0000000e+02
   1.2375907e+02   1.4032928e+01   1.0000000e+02
   1.2361632e+02   1.4165253e+01   1.0000000e+02
   1.2347000e+02   1.4294000e+01   1.0000000e+02
   1.2726800e+02   4.5040000e+00   1.5000000e+02
   1.2720535e+02   4.6573241e+00   1.5000000e+02
   1.2714215e+02   4.8104253e+00   1.5000000e+02
   1.2707861e+02   4.9633934e+00   1.5000000e+02
   1.2701198e+02   5.1150499e+00   1.5000000e+02
   1.2694482e+02   5.2664886e+00   1.5000000e+02
   1.2688038e+02   5.4191043e+00   1.5000000e+02
   1.2683571e+02   5.5785552e+00   1.5000000e+02
   1.2679408e+02   5.7388399e+00   1.5000000e+02
   1.2675590e+02   5.8999746e+00   1.5000000e+02
   1.2672222e+02   6.0620610e+00   1.5000000e+02
   1.2669494e+02   6.2253764e+00   1.5000000e+02
   1.2666797e+02   6.3887471e+00   1.5000000e+02
   1.2664106e+02   6.5521284e+00   1.5000000e+02
   1.2661294e+02   6.7152936e+00   1.5000000e+02
   1.2658009e+02   6.8775998e+00   1.5000000e+02
   1.2654637e+02   7.0397298e+00   1.5000000e+02
   1.2651098e+02   7.2015161e+00   1.5000000e+02
   1.2647432e+02   7.3630201e+00   1.5000000e+02
   1.2642894e+02   7.5223391e+00   1.5000000e+02
   1.2638177e+02   7.6811530e+00   1.5000000e+02
   1.2633386e+02   7.8397555e+00   1.5000000e+02
   1.2628525e+02   7.9981499e+00   1.5000000e+02
   1.2623641e+02   8.1564835e+00   1.5000000e+02
   1.2618679e+02   8.3145853e+00   1.5000000e+02
   1.2613693e+02   8.4726211e+00   1.5000000e+02
   1.2608636e+02   8.6304389e+00   1.5000000e+02
   1.2603513e+02   8.7880599e+00   1.5000000e+02
   1.2598390e+02   8.9456871e+00   1.5000000e+02
   1.2592984e+02   9.1023760e+00   1.5000000e+02
   1.2587253e+02   9.2579646e+00   1.5000000e+02
   1.2581494e+02   9.4134604e+00   1.5000000e+02
   1.2575735e+02   9.5689645e+00   1.5000000e+02
   1.2569975e+02   9.7244770e+00   1.5000000e+02
   1.2564127e+02   9.8796759e+00   1.5000000e+02
   1.2558438e+02   1.0035459e+01   1.5000000e+02
   1.2552686e+02   1.0191029e+01   1.5000000e+02
   1.2546964e+02   1.0346711e+01   1.5000000e+02
   1.2541196e+02   1.0502238e+01   1.5000000e+02
   1.2535240e+02   1.0657081e+01   1.5000000e+02
   1.2529035e+02   1.0811000e+01   1.5000000e+02
   1.2522729e+02   1.0964537e+01   1.5000000e+02
   1.2516328e+02   1.1117707e+01   1.5000000e+02
   1.2509877e+02   1.1270689e+01   1.5000000e+02
   1.2503302e+02   1.1423175e+01   1.5000000e+02
   1.2496731e+02   1.1575695e+01   1.5000000e+02
   1.2489949e+02   1.1727332e+01   1.5000000e+02
   1.2483163e+02   1.1878977e+01   1.5000000e+02
   1.2476154e+02   1.2029648e+01   1.5000000e+02
   1.2468522e+02   1.2177429e+01   1.5000000e+02
   1.2460662e+02   1.2324072e+01   1.5000000e+02
   1.2452362e+02   1.2468418e+01   1.5000000e+02
   1.2442044e+02   1.2599664e+01   1.5000000e+02
   1.2431197e+02   1.2726967e+01   1.5000000e+02
   1.2420011e+02   1.2851501e+01   1.5000000e+02
   1.2408709e+02   1.2975079e+01   1.5000000e+02
   1.2397412e+02   1.3098760e+01   1.5000000e+02
   1.2386290e+02   1.3223968e+01   1.5000000e+02
   1.2375168e+02   1.3349235e+01   1.5000000e+02
   1.2364100e+02   1.3475000e+01   1.5000000e+02
   1.2716900e+02   4.8790000e+00   2.0000000e+02
   1.2711060e+02   5.0005551e+00   2.0000000e+02
   1.2705352e+02   5.1227370e+00   2.0000000e+02
   1.2699847e+02   5.2458480e+00   2.0000000e+02
   1.2694445e+02   5.3694116e+00   2.0000000e+02
   1.2689234e+02   5.4937892e+00   2.0000000e+02
   1.2684358e+02   5.6194196e+00   2.0000000e+02
   1.2680526e+02   5.7486750e+00   2.0000000e+02
   1.2676850e+02   5.8783807e+00   2.0000000e+02
   1.2673222e+02   6.0082208e+00   2.0000000e+02
   1.2669697e+02   6.1383443e+00   2.0000000e+02
   1.2666233e+02   6.2686362e+00   2.0000000e+02
   1.2662786e+02   6.3989726e+00   2.0000000e+02
   1.2659258e+02   6.5290956e+00   2.0000000e+02
   1.2655466e+02   6.6584876e+00   2.0000000e+02
   1.2651764e+02   6.7881394e+00   2.0000000e+02
   1.2647956e+02   6.9174920e+00   2.0000000e+02
   1.2644166e+02   7.0468993e+00   2.0000000e+02
   1.2640291e+02   7.1760614e+00   2.0000000e+02
   1.2636382e+02   7.3051209e+00   2.0000000e+02
   1.2632131e+02   7.4331206e+00   2.0000000e+02
   1.2627846e+02   7.5610153e+00   2.0000000e+02
   1.2623531e+02   7.6888135e+00   2.0000000e+02
   1.2619216e+02   7.8166155e+00   2.0000000e+02
   1.2614900e+02   7.9444217e+00   2.0000000e+02
   1.2610598e+02   8.0722760e+00   2.0000000e+02
   1.2606312e+02   8.2001880e+00   2.0000000e+02
   1.2602077e+02   8.3282660e+00   2.0000000e+02
   1.2597785e+02   8.4561668e+00   2.0000000e+02
   1.2593474e+02   8.5840082e+00   2.0000000e+02
   1.2589187e+02   8.7119342e+00   2.0000000e+02
   1.2584830e+02   8.8396358e+00   2.0000000e+02
   1.2580539e+02   8.9675585e+00   2.0000000e+02
   1.2576116e+02   9.0950434e+00   2.0000000e+02
   1.2571759e+02   9.2227588e+00   2.0000000e+02
   1.2567083e+02   9.3493666e+00   2.0000000e+02
   1.2562346e+02   9.4757722e+00   2.0000000e+02
   1.2557588e+02   9.6021056e+00   2.0000000e+02
   1.2552775e+02   9.7282420e+00   2.0000000e+02
   1.2547939e+02   9.8542972e+00   2.0000000e+02
   1.2543124e+02   9.9804397e+00   2.0000000e+02
   1.2538245e+02   1.0106347e+01   2.0000000e+02
   1.2533275e+02   1.0231920e+01   2.0000000e+02
   1.2528326e+02   1.0357579e+01   2.0000000e+02
   1.2523382e+02   1.0483266e+01   2.0000000e+02
   1.2518352e+02   1.0608628e+01   2.0000000e+02
   1.2513273e+02   1.0733811e+01   2.0000000e+02
   1.2508195e+02   1.0859004e+01   2.0000000e+02
   1.2503020e+02   1.0983822e+01   2.0000000e+02
   1.2497766e+02   1.1108321e+01   2.0000000e+02
   1.2492157e+02   1.1231337e+01   2.0000000e+02
   1.2486384e+02   1.1353634e+01   2.0000000e+02
   1.2480592e+02   1.1475857e+01   2.0000000e+02
   1.2474779e+02   1.1597994e+01   2.0000000e+02
   1.2468829e+02   1.1719511e+01   2.0000000e+02
   1.2462709e+02   1.1840206e+01   2.0000000e+02
   1.2456077e+02   1.1958322e+01   2.0000000e+02
   1.2449289e+02   1.2075594e+01   2.0000000e+02
   1.2442469e+02   1.2192712e+01   2.0000000e+02
   1.2435500e+02   1.2309000e+01   2.0000000e+02
   1.2723100e+02   4.8630000e+00   2.5000000e+02
   1.2718832e+02   4.9709110e+00   2.5000000e+02
   1.2714661e+02   5.0792036e+00   2.5000000e+02
   1.2710414e+02   5.1872073e+00   2.5000000e+02
   1.2706234e+02   5.2954688e+00   2.5000000e+02
   1.2702086e+02   5.4038566e+00   2.5000000e+02
   1.2697904e+02   5.5121193e+00   2.5000000e+02
   1.2693756e+02   5.6205121e+00   2.5000000e+02
   1.2689582e+02   5.7288122e+00   2.5000000e+02
   1.2685438e+02   5.8372251e+00   2.5000000e+02
   1.2681483e+02   5.9463384e+00   2.5000000e+02
   1.2677553e+02   6.0555466e+00   2.5000000e+02
   1.2673604e+02   6.1646866e+00   2.5000000e+02
   1.2669648e+02   6.2738075e+00   2.5000000e+02
   1.2665800e+02   6.3833083e+00   2.5000000e+02
   1.2661858e+02   6.4924799e+00   2.5000000e+02
   1.2657976e+02   6.6018689e+00   2.5000000e+02
   1.2654067e+02   6.7111627e+00   2.5000000e+02
   1.2650210e+02   6.8206479e+00   2.5000000e+02
   1.2646275e+02   6.9298603e+00   2.5000000e+02
   1.2642410e+02   7.0393192e+00   2.5000000e+02
   1.2638521e+02   7.1487000e+00   2.5000000e+02
   1.2634689e+02   7.2582838e+00   2.5000000e+02
   1.2630771e+02   7.3675675e+00   2.5000000e+02
   1.2626941e+02   7.4771659e+00   2.5000000e+02
   1.2623048e+02   7.5865438e+00   2.5000000e+02
   1.2619190e+02   7.6960484e+00   2.5000000e+02
   1.2615274e+02   7.8053562e+00   2.5000000e+02
   1.2611385e+02   7.9147577e+00   2.5000000e+02
   1.2607526e+02   8.0242688e+00   2.5000000e+02
   1.2603606e+02   8.1335750e+00   2.5000000e+02
   1.2599720e+02   8.2430003e+00   2.5000000e+02
   1.2595773e+02   8.3522148e+00   2.5000000e+02
   1.2591655e+02   8.4608142e+00   2.5000000e+02
   1.2587545e+02   8.5694463e+00   2.5000000e+02
   1.2583381e+02   8.6778831e+00   2.5000000e+02
   1.2579229e+02   8.7863707e+00   2.5000000e+02
   1.2575055e+02   8.8947791e+00   2.5000000e+02
   1.2570804e+02   9.0029006e+00   2.5000000e+02
   1.2566640e+02   9.1113569e+00   2.5000000e+02
   1.2562465e+02   9.2197778e+00   2.5000000e+02
   1.2558192e+02   9.3278254e+00   2.5000000e+02
   1.2554012e+02   9.4362365e+00   2.5000000e+02
   1.2549798e+02   9.5445225e+00   2.5000000e+02
   1.2545567e+02   9.6527501e+00   2.5000000e+02
   1.2541305e+02   9.7608641e+00   2.5000000e+02
   1.2537103e+02   9.8692072e+00   2.5000000e+02
   1.2532837e+02   9.9773203e+00   2.5000000e+02
   1.2528467e+02   1.0085028e+01   2.5000000e+02
   1.2524202e+02   1.0193155e+01   2.5000000e+02
   1.2519845e+02   1.0300927e+01   2.5000000e+02
   1.2515244e+02   1.0407714e+01   2.5000000e+02
   1.2510482e+02   1.0513832e+01   2.5000000e+02
   1.2505690e+02   1.0619825e+01   2.5000000e+02
   1.2500914e+02   1.0725895e+01   2.5000000e+02
   1.2496120e+02   1.0831895e+01   2.5000000e+02
   1.2491248e+02   1.0937555e+01   2.5000000e+02
   1.2486358e+02   1.1043145e+01   2.5000000e+02
   1.2481429e+02   1.1148570e+01   2.5000000e+02
   1.2476500e+02   1.1254000e+01   2.5000000e+02
