   1.2793700e+02   3.3180000e+00   0.0000000e+00
   1.2783631e+02   3.3121663e+00   0.0000000e+00
   1.2773600e+02   3.3016829e+00   0.0000000e+00
   1.2763657e+02   3.2849933e+00   0.0000000e+00
   1.2753833e+02   3.2627517e+00   0.0000000e+00
   1.2744784e+02   3.2182935e+00   0.0000000e+00
   1.2735982e+02   3.1691517e+00   0.0000000e+00
   1.2727408e+02   3.1161473e+00   0.0000000e+00
   1.2719518e+02   3.0540698e+00   0.0000000e+00
   1.2712337e+02   2.9833735e+00   0.0000000e+00
   1.2705427e+02   2.9100366e+00   0.0000000e+00
   1.2698779e+02   2.8343356e+00   0.0000000e+00
   1.2692838e+02   2.7531783e+00   0.0000000e+00
   1.2687407e+02   2.6683314e+00   0.0000000e+00
   1.2682107e+02   2.5826705e+00   0.0000000e+00
   1.2677019e+02   2.4957385e+00   0.0000000e+00
   1.2672334e+02   2.4065966e+00   0.0000000e+00
   1.2667920e+02   2.3160639e+00   0.0000000e+00
   1.2663551e+02   2.2253118e+00   0.0000000e+00
   1.2659250e+02   2.1342351e+00   0.0000000e+00
   1.2655028e+02   2.0427931e+00   0.0000000e+00
   1.2650919e+02   1.9508448e+00   0.0000000e+00
   1.2646994e+02   1.8580904e+00   0.0000000e+00
   1.2643094e+02   1.7652361e+00   0.0000000e+00
   1.2639344e+02   1.6717654e+00   0.0000000e+00
   1.2635638e+02   1.5781187e+00   0.0000000e+00
   1.2632086e+02   1.4838858e+00   0.0000000e+00
   1.2628712e+02   1.3889981e+00   0.0000000e+00
   1.2626405e+02   1.2910077e+00   0.0000000e+00
   1.2624304e+02   1.1925158e+00   0.0000000e+00
   1.2622397e+02   1.0936368e+00   0.0000000e+00
   1.2620690e+02   9.9438822e-01   0.0000000e+00
   1.2619115e+02   8.9492000e-01   0.0000000e+00
   1.2618803e+02   7.9438359e-01   0.0000000e+00
   1.2618809e+02   6.9367673e-01   0.0000000e+00
   1.2618967e+02   5.9298564e-01   0.0000000e+00
   1.2619376e+02   4.9236605e-01   0.0000000e+00
   1.2619937e+02   3.9181502e-01   0.0000000e+00
   1.2620562e+02   2.9130318e-01   0.0000000e+00
   1.2621652e+02   1.9123400e-01   0.0000000e+00
   1.2623096e+02   9.1569211e-02   0.0000000e+00
   1.2624667e+02  -7.9059697e-03   0.0000000e+00
   1.2626327e+02  -1.0723357e-01   0.0000000e+00
   1.2628199e+02  -2.0615505e-01   0.0000000e+00
   1.2630939e+02  -3.0306198e-01   0.0000000e+00
   1.2633787e+02  -3.9965773e-01   0.0000000e+00
   1.2636804e+02  -4.9573147e-01   0.0000000e+00
   1.2640012e+02  -5.9119310e-01   0.0000000e+00
   1.2643369e+02  -6.8614103e-01   0.0000000e+00
   1.2646871e+02  -7.8055925e-01   0.0000000e+00
   1.2651097e+02  -8.7179689e-01   0.0000000e+00
   1.2655853e+02  -9.6057197e-01   0.0000000e+00
   1.2660866e+02  -1.0479136e+00   0.0000000e+00
   1.2666048e+02  -1.1342628e+00   0.0000000e+00
   1.2671532e+02  -1.2187266e+00   0.0000000e+00
   1.2677225e+02  -1.3018001e+00   0.0000000e+00
   1.2683194e+02  -1.3829138e+00   0.0000000e+00
   1.2690556e+02  -1.4513780e+00   0.0000000e+00
   1.2698327e+02  -1.5154598e+00   0.0000000e+00
   1.2706300e+02  -1.5770000e+00   0.0000000e+00
   1.2800000e+02   2.5420000e+00   5.0000000e+01
   1.2792431e+02   2.5341364e+00   5.0000000e+01
   1.2784875e+02   2.5252067e+00   5.0000000e+01
   1.2777358e+02   2.5134066e+00   5.0000000e+01
   1.2769955e+02   2.4958512e+00   5.0000000e+01
   1.2762624e+02   2.4754682e+00   5.0000000e+01
   1.2755354e+02   2.4530339e+00   5.0000000e+01
   1.2748545e+02   2.4193205e+00   5.0000000e+01
   1.2741914e+02   2.3820506e+00   5.0000000e+01
   1.2735461e+02   2.3417984e+00   5.0000000e+01
   1.2729201e+02   2.2985973e+00   5.0000000e+01
   1.2724062e+02   2.2428940e+00   5.0000000e+01
   1.2719253e+02   2.1840093e+00   5.0000000e+01
   1.2714648e+02   2.1235191e+00   5.0000000e+01
   1.2710209e+02   2.0617907e+00   5.0000000e+01
   1.2705958e+02   1.9987874e+00   5.0000000e+01
   1.2702094e+02   1.9333104e+00   5.0000000e+01
   1.2698387e+02   1.8669294e+00   5.0000000e+01
   1.2694739e+02   1.8002218e+00   5.0000000e+01
   1.2691175e+02   1.7330668e+00   5.0000000e+01
   1.2687698e+02   1.6654601e+00   5.0000000e+01
   1.2684447e+02   1.5967747e+00   5.0000000e+01
   1.2681487e+02   1.5267522e+00   5.0000000e+01
   1.2678640e+02   1.4562643e+00   5.0000000e+01
   1.2675942e+02   1.3851929e+00   5.0000000e+01
   1.2673243e+02   1.3141218e+00   5.0000000e+01
   1.2670700e+02   1.2424761e+00   5.0000000e+01
   1.2668836e+02   1.1688221e+00   5.0000000e+01
   1.2667225e+02   1.0945306e+00   5.0000000e+01
   1.2665639e+02   1.0201827e+00   5.0000000e+01
   1.2664297e+02   9.4536242e-01   5.0000000e+01
   1.2663013e+02   8.7043438e-01   5.0000000e+01
   1.2662576e+02   7.9463396e-01   5.0000000e+01
   1.2662371e+02   7.1864241e-01   5.0000000e+01
   1.2662355e+02   6.4263360e-01   5.0000000e+01
   1.2662444e+02   5.6661844e-01   5.0000000e+01
   1.2662601e+02   4.9061940e-01   5.0000000e+01
   1.2662920e+02   4.1466958e-01   5.0000000e+01
   1.2663455e+02   3.3886878e-01   5.0000000e+01
   1.2664507e+02   2.6357921e-01   5.0000000e+01
   1.2665728e+02   1.8854649e-01   5.0000000e+01
   1.2667109e+02   1.1379251e-01   5.0000000e+01
   1.2668637e+02   3.9327499e-02   5.0000000e+01
   1.2670260e+02  -3.4938551e-02   5.0000000e+01
   1.2672387e+02  -1.0770550e-01   5.0000000e+01
   1.2675215e+02  -1.7826027e-01   5.0000000e+01
   1.2678228e+02  -2.4805264e-01   5.0000000e+01
   1.2681364e+02  -3.1729917e-01   5.0000000e+01
   1.2684627e+02  -3.8595959e-01   5.0000000e+01
   1.2688092e+02  -4.5352828e-01   5.0000000e+01
   1.2692273e+02  -5.1701483e-01   5.0000000e+01
   1.2696553e+02  -5.7984515e-01   5.0000000e+01
   1.2700992e+02  -6.4156189e-01   5.0000000e+01
   1.2705525e+02  -7.0259139e-01   5.0000000e+01
   1.2710149e+02  -7.6292949e-01   5.0000000e+01
   1.2714901e+02  -8.2226154e-01   5.0000000e+01
   1.2719995e+02  -8.7859110e-01   5.0000000e+01
   1.2725390e+02  -9.3215091e-01   5.0000000e+01
   1.2730822e+02  -9.8534310e-01   5.0000000e+01
   1.2736400e+02  -1.0370000e+00   5.0000000e+01
   1.2805100e+02   2.2370000e+00   1.0000000e+02
   1.2798573e+02   2.2281999e+00   1.0000000e+02
   1.2792069e+02   2.2179578e+00   1.0000000e+02
   1.2785588e+02   2.2062932e+00   1.0000000e+02
   1.2779136e+02   2.1930959e+00   1.0000000e+02
   1.2772730e+02   2.1778311e+00   1.0000000e+02
   1.2766358e+02   2.1612297e+00   1.0000000e+02
   1.2760074e+02   2.1419473e+00   1.0000000e+02
   1.2754066e+02   2.1149901e+00   1.0000000e+02
   1.2748137e+02   2.0863752e+00   1.0000000e+02
   1.2742334e+02   2.0553271e+00   1.0000000e+02
   1.2736956e+02   2.0183043e+00   1.0000000e+02
   1.2732368e+02   1.9711137e+00   1.0000000e+02
   1.2728091e+02   1.9210787e+00   1.0000000e+02
   1.2723969e+02   1.8697664e+00   1.0000000e+02
   1.2719957e+02   1.8175906e+00   1.0000000e+02
   1.2716085e+02   1.7643845e+00   1.0000000e+02
   1.2712448e+02   1.7095840e+00   1.0000000e+02
   1.2709333e+02   1.6516077e+00   1.0000000e+02
   1.2706388e+02   1.5927509e+00   1.0000000e+02
   1.2703503e+02   1.5335981e+00   1.0000000e+02
   1.2700750e+02   1.4738242e+00   1.0000000e+02
   1.2698109e+02   1.4135458e+00   1.0000000e+02
   1.2695545e+02   1.3529374e+00   1.0000000e+02
   1.2693205e+02   1.2915233e+00   1.0000000e+02
   1.2691475e+02   1.2280289e+00   1.0000000e+02
   1.2689820e+02   1.1643325e+00   1.0000000e+02
   1.2688307e+02   1.1002910e+00   1.0000000e+02
   1.2686863e+02   1.0360854e+00   1.0000000e+02
   1.2685519e+02   9.7166970e-01   1.0000000e+02
   1.2684316e+02   9.0697133e-01   1.0000000e+02
   1.2683234e+02   8.4205745e-01   1.0000000e+02
   1.2682243e+02   7.7699928e-01   1.0000000e+02
   1.2681377e+02   7.1176650e-01   1.0000000e+02
   1.2681088e+02   6.4620582e-01   1.0000000e+02
   1.2681302e+02   5.8043558e-01   1.0000000e+02
   1.2681640e+02   5.1471499e-01   1.0000000e+02
   1.2682132e+02   4.4909021e-01   1.0000000e+02
   1.2682757e+02   3.8358116e-01   1.0000000e+02
   1.2683825e+02   3.1872770e-01   1.0000000e+02
   1.2685201e+02   2.5437844e-01   1.0000000e+02
   1.2686691e+02   1.9027806e-01   1.0000000e+02
   1.2688250e+02   1.2634319e-01   1.0000000e+02
   1.2689994e+02   6.2895793e-02   1.0000000e+02
   1.2691863e+02  -2.0010208e-04   1.0000000e+02
   1.2694012e+02  -6.2245748e-02   1.0000000e+02
   1.2696955e+02  -1.2110719e-01   1.0000000e+02
   1.2700058e+02  -1.7914150e-01   1.0000000e+02
   1.2703238e+02  -2.3675756e-01   1.0000000e+02
   1.2706527e+02  -2.9374980e-01   1.0000000e+02
   1.2709920e+02  -3.5013563e-01   1.0000000e+02
   1.2713385e+02  -4.0608583e-01   1.0000000e+02
   1.2716902e+02  -4.6170768e-01   1.0000000e+02
   1.2720937e+02  -5.1365093e-01   1.0000000e+02
   1.2725108e+02  -5.6455159e-01   1.0000000e+02
   1.2729334e+02  -6.1499606e-01   1.0000000e+02
   1.2733622e+02  -6.6491450e-01   1.0000000e+02
   1.2737975e+02  -7.1427722e-01   1.0000000e+02
   1.2742379e+02  -7.6317794e-01   1.0000000e+02
   1.2746900e+02  -8.1100000e-01   1.0000000e+02
   1.2800100e+02   1.8150000e+00   1.5000000e+02
   1.2795473e+02   1.8090812e+00   1.5000000e+02
   1.2790851e+02   1.8027789e+00   1.5000000e+02
   1.2786267e+02   1.7941492e+00   1.5000000e+02
   1.2781700e+02   1.7847112e+00   1.5000000e+02
   1.2777178e+02   1.7732689e+00   1.5000000e+02
   1.2772681e+02   1.7609173e+00   1.5000000e+02
   1.2768214e+02   1.7474637e+00   1.5000000e+02
   1.2763813e+02   1.7320982e+00   1.5000000e+02
   1.2759456e+02   1.7154251e+00   1.5000000e+02
   1.2755455e+02   1.6919045e+00   1.5000000e+02
   1.2751583e+02   1.6659099e+00   1.5000000e+02
   1.2747884e+02   1.6375191e+00   1.5000000e+02
   1.2744217e+02   1.6087041e+00   1.5000000e+02
   1.2741298e+02   1.5724335e+00   1.5000000e+02
   1.2738505e+02   1.5350993e+00   1.5000000e+02
   1.2735813e+02   1.4970194e+00   1.5000000e+02
   1.2733361e+02   1.4573646e+00   1.5000000e+02
   1.2730960e+02   1.4173902e+00   1.5000000e+02
   1.2728621e+02   1.3770585e+00   1.5000000e+02
   1.2726419e+02   1.3359543e+00   1.5000000e+02
   1.2724964e+02   1.2917789e+00   1.5000000e+02
   1.2723657e+02   1.2470199e+00   1.5000000e+02
   1.2722441e+02   1.2020062e+00   1.5000000e+02
   1.2721327e+02   1.1567363e+00   1.5000000e+02
   1.2720297e+02   1.1112613e+00   1.5000000e+02
   1.2719382e+02   1.0655409e+00   1.5000000e+02
   1.2718507e+02   1.0197424e+00   1.5000000e+02
   1.2717721e+02   9.7378168e-01   1.5000000e+02
   1.2717206e+02   9.2749478e-01   1.5000000e+02
   1.2716878e+02   8.8098244e-01   1.5000000e+02
   1.2716635e+02   8.3442018e-01   1.5000000e+02
   1.2716418e+02   7.8784249e-01   1.5000000e+02
   1.2716350e+02   7.4122157e-01   1.5000000e+02
   1.2716305e+02   6.9459676e-01   1.5000000e+02
   1.2716360e+02   6.4797195e-01   1.5000000e+02
   1.2716444e+02   6.0135395e-01   1.5000000e+02
   1.2716607e+02   5.5475426e-01   1.5000000e+02
   1.2716840e+02   5.0819178e-01   1.5000000e+02
   1.2717168e+02   4.6167947e-01   1.5000000e+02
   1.2718062e+02   4.1615895e-01   1.5000000e+02
   1.2719336e+02   3.7130406e-01   1.5000000e+02
   1.2720690e+02   3.2668745e-01   1.5000000e+02
   1.2722065e+02   2.8213320e-01   1.5000000e+02
   1.2723553e+02   2.3794393e-01   1.5000000e+02
   1.2725060e+02   1.9382036e-01   1.5000000e+02
   1.2726649e+02   1.4998365e-01   1.5000000e+02
   1.2728336e+02   1.0653907e-01   1.5000000e+02
   1.2730214e+02   6.3859724e-02   1.5000000e+02
   1.2732147e+02   2.1427998e-02   1.5000000e+02
   1.2734119e+02  -2.0825543e-02   1.5000000e+02
   1.2736108e+02  -6.2996476e-02   1.5000000e+02
   1.2738104e+02  -1.0513631e-01   1.5000000e+02
   1.2740144e+02  -1.4706590e-01   1.5000000e+02
   1.2742216e+02  -1.8883252e-01   1.5000000e+02
   1.2744369e+02  -2.3019248e-01   1.5000000e+02
   1.2746522e+02  -2.7155247e-01   1.5000000e+02
   1.2748675e+02  -3.1291248e-01   1.5000000e+02
   1.2750879e+02  -3.5400016e-01   1.5000000e+02
   1.2753100e+02  -3.9500000e-01   1.5000000e+02
   1.2793300e+02   1.4740000e+00   2.0000000e+02
   1.2791017e+02   1.4675326e+00   2.0000000e+02
   1.2788735e+02   1.4610652e+00   2.0000000e+02
   1.2786461e+02   1.4542989e+00   2.0000000e+02
   1.2784203e+02   1.4470267e+00   2.0000000e+02
   1.2781945e+02   1.4397545e+00   2.0000000e+02
   1.2779717e+02   1.4316161e+00   2.0000000e+02
   1.2777499e+02   1.4232024e+00   2.0000000e+02
   1.2775301e+02   1.4143413e+00   2.0000000e+02
   1.2773228e+02   1.4028204e+00   2.0000000e+02
   1.2771154e+02   1.3912996e+00   2.0000000e+02
   1.2769103e+02   1.3793789e+00   2.0000000e+02
   1.2767073e+02   1.3671176e+00   2.0000000e+02
   1.2765042e+02   1.3548562e+00   2.0000000e+02
   1.2763109e+02   1.3411072e+00   2.0000000e+02
   1.2761184e+02   1.3272466e+00   2.0000000e+02
   1.2759410e+02   1.3118050e+00   2.0000000e+02
   1.2757940e+02   1.2931956e+00   2.0000000e+02
   1.2756469e+02   1.2745861e+00   2.0000000e+02
   1.2754998e+02   1.2559751e+00   2.0000000e+02
   1.2753690e+02   1.2361930e+00   2.0000000e+02
   1.2752381e+02   1.2164108e+00   2.0000000e+02
   1.2751072e+02   1.1966287e+00   2.0000000e+02
   1.2749856e+02   1.1762794e+00   2.0000000e+02
   1.2748676e+02   1.1557046e+00   2.0000000e+02
   1.2747496e+02   1.1351297e+00   2.0000000e+02
   1.2746540e+02   1.1136179e+00   2.0000000e+02
   1.2745907e+02   1.0907605e+00   2.0000000e+02
   1.2745274e+02   1.0679030e+00   2.0000000e+02
   1.2744721e+02   1.0448507e+00   2.0000000e+02
   1.2744229e+02   1.0216494e+00   2.0000000e+02
   1.2743737e+02   9.9844803e-01   2.0000000e+02
   1.2743298e+02   9.7514224e-01   2.0000000e+02
   1.2742880e+02   9.5179624e-01   2.0000000e+02
   1.2742462e+02   9.2845024e-01   2.0000000e+02
   1.2742102e+02   9.0500913e-01   2.0000000e+02
   1.2741752e+02   8.8155151e-01   2.0000000e+02
   1.2741401e+02   8.5809390e-01   2.0000000e+02
   1.2741292e+02   8.3440247e-01   2.0000000e+02
   1.2741183e+02   8.1071010e-01   2.0000000e+02
   1.2741074e+02   7.8701773e-01   2.0000000e+02
   1.2741000e+02   7.6331726e-01   2.0000000e+02
   1.2741000e+02   7.3959987e-01   2.0000000e+02
   1.2741000e+02   7.1588248e-01   2.0000000e+02
   1.2741000e+02   6.9216509e-01   2.0000000e+02
   1.2741050e+02   6.6845634e-01   2.0000000e+02
   1.2741132e+02   6.4475303e-01   2.0000000e+02
   1.2741214e+02   6.2104973e-01   2.0000000e+02
   1.2741295e+02   5.9734642e-01   2.0000000e+02
   1.2741794e+02   5.7418097e-01   2.0000000e+02
   1.2742317e+02   5.5104792e-01   2.0000000e+02
   1.2742840e+02   5.2791486e-01   2.0000000e+02
   1.2743395e+02   5.0486219e-01   2.0000000e+02
   1.2744022e+02   4.8198675e-01   2.0000000e+02
   1.2744648e+02   4.5911131e-01   2.0000000e+02
   1.2745274e+02   4.3623587e-01   2.0000000e+02
   1.2745975e+02   4.1358299e-01   2.0000000e+02
   1.2746716e+02   3.9105533e-01   2.0000000e+02
   1.2747458e+02   3.6852766e-01   2.0000000e+02
   1.2748200e+02   3.4600000e-01   2.0000000e+02
   1.2791500e+02   1.1480000e+00   2.5000000e+02
   1.2790091e+02   1.1406740e+00   2.5000000e+02
   1.2788682e+02   1.1333481e+00   2.5000000e+02
   1.2787273e+02   1.1260221e+00   2.5000000e+02
   1.2785865e+02   1.1186961e+00   2.5000000e+02
   1.2784456e+02   1.1113702e+00   2.5000000e+02
   1.2783099e+02   1.1031594e+00   2.5000000e+02
   1.2781766e+02   1.0945254e+00   2.5000000e+02
   1.2780433e+02   1.0858913e+00   2.5000000e+02
   1.2779101e+02   1.0772573e+00   2.5000000e+02
   1.2777768e+02   1.0686233e+00   2.5000000e+02
   1.2776538e+02   1.0588065e+00   2.5000000e+02
   1.2775502e+02   1.0467803e+00   2.5000000e+02
   1.2774465e+02   1.0347542e+00   2.5000000e+02
   1.2773428e+02   1.0227280e+00   2.5000000e+02
   1.2772392e+02   1.0107019e+00   2.5000000e+02
   1.2771424e+02   9.9813896e-01   2.5000000e+02
   1.2770519e+02   9.8509207e-01   2.5000000e+02
   1.2769614e+02   9.7204519e-01   2.5000000e+02
   1.2768710e+02   9.5899830e-01   2.5000000e+02
   1.2767805e+02   9.4595142e-01   2.5000000e+02
   1.2766975e+02   9.3242294e-01   2.5000000e+02
   1.2766167e+02   9.1875366e-01   2.5000000e+02
   1.2765360e+02   9.0508438e-01   2.5000000e+02
   1.2764552e+02   8.9141510e-01   2.5000000e+02
   1.2763744e+02   8.7774582e-01   2.5000000e+02
   1.2763341e+02   8.6242514e-01   2.5000000e+02
   1.2762961e+02   8.4700915e-01   2.5000000e+02
   1.2762581e+02   8.3159316e-01   2.5000000e+02
   1.2762201e+02   8.1617717e-01   2.5000000e+02
   1.2761872e+02   8.0065499e-01   2.5000000e+02
   1.2761600e+02   7.8501285e-01   2.5000000e+02
   1.2761328e+02   7.6937071e-01   2.5000000e+02
   1.2761056e+02   7.5372858e-01   2.5000000e+02
   1.2760791e+02   7.3807720e-01   2.5000000e+02
   1.2760635e+02   7.2227691e-01   2.5000000e+02
   1.2760479e+02   7.0647662e-01   2.5000000e+02
   1.2760324e+02   6.9067633e-01   2.5000000e+02
   1.2760168e+02   6.7487604e-01   2.5000000e+02
   1.2760221e+02   6.5911404e-01   2.5000000e+02
   1.2760434e+02   6.4338155e-01   2.5000000e+02
   1.2760648e+02   6.2764905e-01   2.5000000e+02
   1.2760862e+02   6.1191656e-01   2.5000000e+02
   1.2761075e+02   5.9618406e-01   2.5000000e+02
   1.2761337e+02   5.8053579e-01   2.5000000e+02
   1.2761667e+02   5.6500565e-01   2.5000000e+02
   1.2761997e+02   5.4947550e-01   2.5000000e+02
   1.2762327e+02   5.3394535e-01   2.5000000e+02
   1.2762657e+02   5.1841520e-01   2.5000000e+02
   1.2763014e+02   5.0295114e-01   2.5000000e+02
   1.2763445e+02   4.8767040e-01   2.5000000e+02
   1.2763876e+02   4.7238966e-01   2.5000000e+02
   1.2764307e+02   4.5710892e-01   2.5000000e+02
   1.2764738e+02   4.4182818e-01   2.5000000e+02
   1.2765187e+02   4.2660517e-01   2.5000000e+02
   1.2765730e+02   4.1168413e-01   2.5000000e+02
   1.2766272e+02   3.9676310e-01   2.5000000e+02
   1.2766815e+02   3.8184207e-01   2.5000000e+02
   1.2767357e+02   3.6692103e-01   2.5000000e+02
   1.2767900e+02   3.5200000e-01   2.5000000e+02
