   2.0193000e+01   3.8429000e+01   0.0000000e+00
   2.0171707e+01   3.8225093e+01   0.0000000e+00
   2.0173690e+01   3.8020786e+01   0.0000000e+00
   2.0202793e+01   3.7817517e+01   0.0000000e+00
   2.0272903e+01   3.7620942e+01   0.0000000e+00
   2.0363680e+01   3.7429442e+01   0.0000000e+00
   2.0492149e+01   3.7252365e+01   0.0000000e+00
   2.0631153e+01   3.7080342e+01   0.0000000e+00
   2.0779511e+01   3.6913548e+01   0.0000000e+00
   2.0931200e+01   3.6748854e+01   0.0000000e+00
   2.1087024e+01   3.6586860e+01   0.0000000e+00
   2.1243274e+01   3.6425326e+01   0.0000000e+00
   2.1397407e+01   3.6262686e+01   0.0000000e+00
   2.1554125e+01   3.6101875e+01   0.0000000e+00
   2.1713217e+01   3.5942783e+01   0.0000000e+00
   2.1867339e+01   3.5780760e+01   0.0000000e+00
   2.2019326e+01   3.5617571e+01   0.0000000e+00
   2.2182852e+01   3.5462241e+01   0.0000000e+00
   2.2351699e+01   3.5310862e+01   0.0000000e+00
   2.2519223e+01   3.5158745e+01   0.0000000e+00
   2.2687290e+01   3.5007261e+01   0.0000000e+00
   2.2872543e+01   3.4870616e+01   0.0000000e+00
   2.3070750e+01   3.4746646e+01   0.0000000e+00
   2.3289312e+01   3.4650470e+01   0.0000000e+00
   2.3518885e+01   3.4571997e+01   0.0000000e+00
   2.3752584e+01   3.4502838e+01   0.0000000e+00
   2.3991627e+01   3.4447800e+01   0.0000000e+00
   2.4232547e+01   3.4399146e+01   0.0000000e+00
   2.4475323e+01   3.4357751e+01   0.0000000e+00
   2.4722454e+01   3.4344259e+01   0.0000000e+00
   2.4970129e+01   3.4337697e+01   0.0000000e+00
   2.5217816e+01   3.4331946e+01   0.0000000e+00
   2.5465544e+01   3.4328220e+01   0.0000000e+00
   2.5713241e+01   3.4323546e+01   0.0000000e+00
   2.5960929e+01   3.4319020e+01   0.0000000e+00
   2.6208669e+01   3.4319252e+01   0.0000000e+00
   2.6454965e+01   3.4338101e+01   0.0000000e+00
   2.6699617e+01   3.4370760e+01   0.0000000e+00
   2.6942922e+01   3.4410126e+01   0.0000000e+00
   2.7180025e+01   3.4470228e+01   0.0000000e+00
   2.7413289e+01   3.4540220e+01   0.0000000e+00
   2.7628863e+01   3.4639882e+01   0.0000000e+00
   2.7826727e+01   3.4763937e+01   0.0000000e+00
   2.8003256e+01   3.4907510e+01   0.0000000e+00
   2.8161241e+01   3.5065958e+01   0.0000000e+00
   2.8309474e+01   3.5230717e+01   0.0000000e+00
   2.8443124e+01   3.5403826e+01   0.0000000e+00
   2.8565967e+01   3.5582104e+01   0.0000000e+00
   2.8668643e+01   3.5768819e+01   0.0000000e+00
   2.8804008e+01   3.5933429e+01   0.0000000e+00
   2.9047740e+01   3.5926186e+01   0.0000000e+00
   2.9277306e+01   3.5841890e+01   0.0000000e+00
   2.9517926e+01   3.5780456e+01   0.0000000e+00
   2.9765723e+01   3.5751000e+01   0.0000000e+00
   3.0017714e+01   3.5756358e+01   0.0000000e+00
   3.0268133e+01   3.5778174e+01   0.0000000e+00
   3.0517671e+01   3.5807697e+01   0.0000000e+00
   3.0766239e+01   3.5780160e+01   0.0000000e+00
   3.0997462e+01   3.5701226e+01   0.0000000e+00
   3.1211000e+01   3.5593000e+01   0.0000000e+00
   2.1490000e+01   3.8392000e+01   5.0000000e+01
   2.1521128e+01   3.8211330e+01   5.0000000e+01
   2.1564652e+01   3.8032266e+01   5.0000000e+01
   2.1643903e+01   3.7861530e+01   5.0000000e+01
   2.1740290e+01   3.7695876e+01   5.0000000e+01
   2.1843943e+01   3.7533085e+01   5.0000000e+01
   2.1960677e+01   3.7376180e+01   5.0000000e+01
   2.2084536e+01   3.7222757e+01   5.0000000e+01
   2.2211512e+01   3.7071084e+01   5.0000000e+01
   2.2339856e+01   3.6920282e+01   5.0000000e+01
   2.2471358e+01   3.6771374e+01   5.0000000e+01
   2.2604430e+01   3.6623507e+01   5.0000000e+01
   2.2738736e+01   3.6476515e+01   5.0000000e+01
   2.2875642e+01   3.6331239e+01   5.0000000e+01
   2.3013992e+01   3.6187008e+01   5.0000000e+01
   2.3155956e+01   3.6045247e+01   5.0000000e+01
   2.3308432e+01   3.5911254e+01   5.0000000e+01
   2.3469244e+01   3.5783761e+01   5.0000000e+01
   2.3634072e+01   3.5659909e+01   5.0000000e+01
   2.3803598e+01   3.5540570e+01   5.0000000e+01
   2.3978222e+01   3.5426437e+01   5.0000000e+01
   2.4169149e+01   3.5333830e+01   5.0000000e+01
   2.4376919e+01   3.5266821e+01   5.0000000e+01
   2.4588241e+01   3.5208069e+01   5.0000000e+01
   2.4802250e+01   3.5156577e+01   5.0000000e+01
   2.5020723e+01   3.5122866e+01   5.0000000e+01
   2.5242888e+01   3.5108132e+01   5.0000000e+01
   2.5465483e+01   3.5099025e+01   5.0000000e+01
   2.5688065e+01   3.5103975e+01   5.0000000e+01
   2.5910258e+01   3.5118354e+01   5.0000000e+01
   2.6131951e+01   3.5137659e+01   5.0000000e+01
   2.6352721e+01   3.5163377e+01   5.0000000e+01
   2.6572341e+01   3.5195381e+01   5.0000000e+01
   2.6788708e+01   3.5238236e+01   5.0000000e+01
   2.6993845e+01   3.5310304e+01   5.0000000e+01
   2.7194790e+01   3.5390174e+01   5.0000000e+01
   2.7374572e+01   3.5498105e+01   5.0000000e+01
   2.7544623e+01   3.5616868e+01   5.0000000e+01
   2.7708600e+01   3.5741369e+01   5.0000000e+01
   2.7849745e+01   3.5882828e+01   5.0000000e+01
   2.7980289e+01   3.6031427e+01   5.0000000e+01
   2.8108742e+01   3.6181351e+01   5.0000000e+01
   2.8237180e+01   3.6331422e+01   5.0000000e+01
   2.8374429e+01   3.6476432e+01   5.0000000e+01
   2.8545544e+01   3.6591938e+01   5.0000000e+01
   2.8758182e+01   3.6655381e+01   5.0000000e+01
   2.8981660e+01   3.6658062e+01   5.0000000e+01
   2.9200480e+01   3.6609490e+01   5.0000000e+01
   2.9401535e+01   3.6526015e+01   5.0000000e+01
   2.9599152e+01   3.6437354e+01   5.0000000e+01
   2.9812960e+01   3.6377099e+01   5.0000000e+01
   3.0029383e+01   3.6323629e+01   5.0000000e+01
   3.0249292e+01   3.6281732e+01   5.0000000e+01
   3.0472914e+01   3.6254495e+01   5.0000000e+01
   3.0694059e+01   3.6218626e+01   5.0000000e+01
   3.0898670e+01   3.6141440e+01   5.0000000e+01
   3.1098173e+01   3.6056250e+01   5.0000000e+01
   3.1290806e+01   3.5961778e+01   5.0000000e+01
   3.1470374e+01   3.5851817e+01   5.0000000e+01
   3.1645000e+01   3.5737000e+01   5.0000000e+01
   2.2193000e+01   3.8111000e+01   1.0000000e+02
   2.2283918e+01   3.7959490e+01   1.0000000e+02
   2.2376954e+01   3.7808857e+01   1.0000000e+02
   2.2471299e+01   3.7658805e+01   1.0000000e+02
   2.2567751e+01   3.7509676e+01   1.0000000e+02
   2.2669670e+01   3.7362996e+01   1.0000000e+02
   2.2777108e+01   3.7218856e+01   1.0000000e+02
   2.2885822e+01   3.7075425e+01   1.0000000e+02
   2.2996949e+01   3.6933272e+01   1.0000000e+02
   2.3110958e+01   3.6792695e+01   1.0000000e+02
   2.3227476e+01   3.6653553e+01   1.0000000e+02
   2.3351152e+01   3.6518783e+01   1.0000000e+02
   2.3486179e+01   3.6391169e+01   1.0000000e+02
   2.3624962e+01   3.6266348e+01   1.0000000e+02
   2.3767020e+01   3.6144115e+01   1.0000000e+02
   2.3914195e+01   3.6026078e+01   1.0000000e+02
   2.4065532e+01   3.5911730e+01   1.0000000e+02
   2.4222293e+01   3.5802472e+01   1.0000000e+02
   2.4384382e+01   3.5698861e+01   1.0000000e+02
   2.4575859e+01   3.5636568e+01   1.0000000e+02
   2.4770726e+01   3.5582009e+01   1.0000000e+02
   2.4968006e+01   3.5533856e+01   1.0000000e+02
   2.5167893e+01   3.5493808e+01   1.0000000e+02
   2.5369678e+01   3.5460965e+01   1.0000000e+02
   2.5574028e+01   3.5453567e+01   1.0000000e+02
   2.5779118e+01   3.5466524e+01   1.0000000e+02
   2.5983484e+01   3.5486055e+01   1.0000000e+02
   2.6186980e+01   3.5511197e+01   1.0000000e+02
   2.6386758e+01   3.5550657e+01   1.0000000e+02
   2.6581895e+01   3.5604431e+01   1.0000000e+02
   2.6774332e+01   3.5664549e+01   1.0000000e+02
   2.6963652e+01   3.5731144e+01   1.0000000e+02
   2.7149042e+01   3.5804945e+01   1.0000000e+02
   2.7309860e+01   3.5908645e+01   1.0000000e+02
   2.7457678e+01   3.6025939e+01   1.0000000e+02
   2.7599603e+01   3.6148107e+01   1.0000000e+02
   2.7736179e+01   3.6274275e+01   1.0000000e+02
   2.7854586e+01   3.6412066e+01   1.0000000e+02
   2.7973480e+01   3.6549702e+01   1.0000000e+02
   2.8099920e+01   3.6682820e+01   1.0000000e+02
   2.8252149e+01   3.6797645e+01   1.0000000e+02
   2.8418858e+01   3.6898897e+01   1.0000000e+02
   2.8612029e+01   3.6954422e+01   1.0000000e+02
   2.8821458e+01   3.6960295e+01   1.0000000e+02
   2.9030233e+01   3.6945578e+01   1.0000000e+02
   2.9228909e+01   3.6895516e+01   1.0000000e+02
   2.9419140e+01   3.6825430e+01   1.0000000e+02
   2.9606992e+01   3.6751603e+01   1.0000000e+02
   2.9799212e+01   3.6686182e+01   1.0000000e+02
   2.9994789e+01   3.6627310e+01   1.0000000e+02
   3.0191074e+01   3.6570305e+01   1.0000000e+02
   3.0387253e+01   3.6513388e+01   1.0000000e+02
   3.0584695e+01   3.6459688e+01   1.0000000e+02
   3.0781161e+01   3.6404051e+01   1.0000000e+02
   3.0975999e+01   3.6345145e+01   1.0000000e+02
   3.1154992e+01   3.6261005e+01   1.0000000e+02
   3.1325775e+01   3.6165670e+01   1.0000000e+02
   3.1491294e+01   3.6064661e+01   1.0000000e+02
   3.1651457e+01   3.5958391e+01   1.0000000e+02
   3.1806000e+01   3.5847000e+01   1.0000000e+02
   2.3238000e+01   3.8015000e+01   1.5000000e+02
   2.3307137e+01   3.7875039e+01   1.5000000e+02
   2.3379399e+01   3.7736118e+01   1.5000000e+02
   2.3456371e+01   3.7598825e+01   1.5000000e+02
   2.3535970e+01   3.7462539e+01   1.5000000e+02
   2.3619236e+01   3.7327689e+01   1.5000000e+02
   2.3707198e+01   3.7194872e+01   1.5000000e+02
   2.3815069e+01   3.7071721e+01   1.5000000e+02
   2.3926669e+01   3.6950809e+01   1.5000000e+02
   2.4041525e+01   3.6831975e+01   1.5000000e+02
   2.4159591e+01   3.6715287e+01   1.5000000e+02
   2.4281364e+01   3.6601189e+01   1.5000000e+02
   2.4412057e+01   3.6494091e+01   1.5000000e+02
   2.4553312e+01   3.6395863e+01   1.5000000e+02
   2.4699538e+01   3.6302664e+01   1.5000000e+02
   2.4850881e+01   3.6215171e+01   1.5000000e+02
   2.5008647e+01   3.6135585e+01   1.5000000e+02
   2.5182986e+01   3.6089312e+01   1.5000000e+02
   2.5366980e+01   3.6068302e+01   1.5000000e+02
   2.5552302e+01   3.6057780e+01   1.5000000e+02
   2.5738046e+01   3.6055000e+01   1.5000000e+02
   2.5923726e+01   3.6059389e+01   1.5000000e+02
   2.6105839e+01   3.6086846e+01   1.5000000e+02
   2.6285284e+01   3.6126092e+01   1.5000000e+02
   2.6462097e+01   3.6172721e+01   1.5000000e+02
   2.6636492e+01   3.6225148e+01   1.5000000e+02
   2.6807803e+01   3.6284054e+01   1.5000000e+02
   2.6962380e+01   3.6366739e+01   1.5000000e+02
   2.7107069e+01   3.6461619e+01   1.5000000e+02
   2.7247373e+01   3.6560823e+01   1.5000000e+02
   2.7383673e+01   3.6663735e+01   1.5000000e+02
   2.7497126e+01   3.6783039e+01   1.5000000e+02
   2.7607917e+01   3.6904287e+01   1.5000000e+02
   2.7721789e+01   3.7023789e+01   1.5000000e+02
   2.7842902e+01   3.7138754e+01   1.5000000e+02
   2.7989615e+01   3.7229846e+01   1.5000000e+02
   2.8160047e+01   3.7294288e+01   1.5000000e+02
   2.8336625e+01   3.7347290e+01   1.5000000e+02
   2.8524836e+01   3.7360566e+01   1.5000000e+02
   2.8713768e+01   3.7363000e+01   1.5000000e+02
   2.8902585e+01   3.7357137e+01   1.5000000e+02
   2.9087373e+01   3.7327339e+01   1.5000000e+02
   2.9270105e+01   3.7289461e+01   1.5000000e+02
   2.9451451e+01   3.7247804e+01   1.5000000e+02
   2.9631812e+01   3.7203797e+01   1.5000000e+02
   2.9812757e+01   3.7161629e+01   1.5000000e+02
   2.9993139e+01   3.7118215e+01   1.5000000e+02
   3.0172929e+01   3.7073518e+01   1.5000000e+02
   3.0352230e+01   3.7027873e+01   1.5000000e+02
   3.0530159e+01   3.6979188e+01   1.5000000e+02
   3.0706941e+01   3.6928153e+01   1.5000000e+02
   3.0877213e+01   3.6865623e+01   1.5000000e+02
   3.1041402e+01   3.6792894e+01   1.5000000e+02
   3.1203308e+01   3.6717190e+01   1.5000000e+02
   3.1362018e+01   3.6637442e+01   1.5000000e+02
   3.1518344e+01   3.6554943e+01   1.5000000e+02
   3.1670942e+01   3.6468245e+01   1.5000000e+02
   3.1818937e+01   3.6376917e+01   1.5000000e+02
   3.1943230e+01   3.6264978e+01   1.5000000e+02
   3.2063000e+01   3.6150000e+01   1.5000000e+02
   2.3991000e+01   3.7814000e+01   2.0000000e+02
   2.4032668e+01   3.7724665e+01   2.0000000e+02
   2.4077671e+01   3.7636366e+01   2.0000000e+02
   2.4125840e+01   3.7549139e+01   2.0000000e+02
   2.4176983e+01   3.7463005e+01   2.0000000e+02
   2.4231019e+01   3.7378012e+01   2.0000000e+02
   2.4288198e+01   3.7294355e+01   2.0000000e+02
   2.4348466e+01   3.7212107e+01   2.0000000e+02
   2.4414014e+01   3.7132779e+01   2.0000000e+02
   2.4496122e+01   3.7063665e+01   2.0000000e+02
   2.4580149e+01   3.6996097e+01   2.0000000e+02
   2.4666563e+01   3.6930537e+01   2.0000000e+02
   2.4755315e+01   3.6867066e+01   2.0000000e+02
   2.4846415e+01   3.6805838e+01   2.0000000e+02
   2.4942915e+01   3.6750642e+01   2.0000000e+02
   2.5045649e+01   3.6702831e+01   2.0000000e+02
   2.5150394e+01   3.6658059e+01   2.0000000e+02
   2.5257140e+01   3.6616483e+01   2.0000000e+02
   2.5365355e+01   3.6577531e+01   2.0000000e+02
   2.5475647e+01   3.6542659e+01   2.0000000e+02
   2.5588244e+01   3.6513021e+01   2.0000000e+02
   2.5702649e+01   3.6490598e+01   2.0000000e+02
   2.5820844e+01   3.6496515e+01   2.0000000e+02
   2.5938584e+01   3.6506790e+01   2.0000000e+02
   2.6055639e+01   3.6521378e+01   2.0000000e+02
   2.6171751e+01   3.6540332e+01   2.0000000e+02
   2.6286894e+01   3.6562891e+01   2.0000000e+02
   2.6398518e+01   3.6594034e+01   2.0000000e+02
   2.6504892e+01   3.6636155e+01   2.0000000e+02
   2.6609559e+01   3.6681043e+01   2.0000000e+02
   2.6712303e+01   3.6728786e+01   2.0000000e+02
   2.6813828e+01   3.6778265e+01   2.0000000e+02
   2.6912499e+01   3.6831416e+01   2.0000000e+02
   2.7003378e+01   3.6891892e+01   2.0000000e+02
   2.7081743e+01   3.6963587e+01   2.0000000e+02
   2.7158427e+01   3.7036496e+01   2.0000000e+02
   2.7234871e+01   3.7109615e+01   2.0000000e+02
   2.7311344e+01   3.7182764e+01   2.0000000e+02
   2.7388414e+01   3.7255562e+01   2.0000000e+02
   2.7469275e+01   3.7325574e+01   2.0000000e+02
   2.7566933e+01   3.7380713e+01   2.0000000e+02
   2.7666292e+01   3.7433966e+01   2.0000000e+02
   2.7768057e+01   3.7484353e+01   2.0000000e+02
   2.7872067e+01   3.7531865e+01   2.0000000e+02
   2.7978599e+01   3.7575832e+01   2.0000000e+02
   2.8090470e+01   3.7608341e+01   2.0000000e+02
   2.8208924e+01   3.7624440e+01   2.0000000e+02
   2.8328064e+01   3.7637190e+01   2.0000000e+02
   2.8447696e+01   3.7646777e+01   2.0000000e+02
   2.8567660e+01   3.7653400e+01   2.0000000e+02
   2.8687829e+01   3.7657128e+01   2.0000000e+02
   2.8808084e+01   3.7658779e+01   2.0000000e+02
   2.8927771e+01   3.7650539e+01   2.0000000e+02
   2.9046949e+01   3.7637852e+01   2.0000000e+02
   2.9165816e+01   3.7623594e+01   2.0000000e+02
   2.9284182e+01   3.7607003e+01   2.0000000e+02
   2.9402233e+01   3.7589179e+01   2.0000000e+02
   2.9519737e+01   3.7569341e+01   2.0000000e+02
   2.9636749e+01   3.7547841e+01   2.0000000e+02
   2.9753000e+01   3.7524000e+01   2.0000000e+02
