   6.7729000e+01   3.5776000e+01   0.0000000e+00
   6.7803282e+01   3.5724808e+01   0.0000000e+00
   6.7877950e+01   3.5674034e+01   0.0000000e+00
   6.7953193e+01   3.5623870e+01   0.0000000e+00
   6.8028210e+01   3.5573530e+01   0.0000000e+00
   6.8104382e+01   3.5524398e+01   0.0000000e+00
   6.8179945e+01   3.5474694e+01   0.0000000e+00
   6.8256064e+01   3.5425604e+01   0.0000000e+00
   6.8335020e+01   3.5379640e+01   0.0000000e+00
   6.8413981e+01   3.5333732e+01   0.0000000e+00
   6.8493161e+01   3.5288126e+01   0.0000000e+00
   6.8572743e+01   3.5243042e+01   0.0000000e+00
   6.8652771e+01   3.5198540e+01   0.0000000e+00
   6.8733121e+01   3.5154479e+01   0.0000000e+00
   6.8813574e+01   3.5110596e+01   0.0000000e+00
   6.8894271e+01   3.5067070e+01   0.0000000e+00
   6.8976235e+01   3.5025267e+01   0.0000000e+00
   6.9060526e+01   3.4986688e+01   0.0000000e+00
   6.9145007e+01   3.4948449e+01   0.0000000e+00
   6.9230295e+01   3.4911501e+01   0.0000000e+00
   6.9315399e+01   3.4874325e+01   0.0000000e+00
   6.9401035e+01   3.4838046e+01   0.0000000e+00
   6.9487016e+01   3.4802375e+01   0.0000000e+00
   6.9573346e+01   3.4767342e+01   0.0000000e+00
   6.9660029e+01   3.4732958e+01   0.0000000e+00
   6.9747302e+01   3.4699731e+01   0.0000000e+00
   6.9836844e+01   3.4670857e+01   0.0000000e+00
   6.9926701e+01   3.4642720e+01   0.0000000e+00
   7.0016883e+01   3.4615369e+01   0.0000000e+00
   7.0107449e+01   3.4588960e+01   0.0000000e+00
   7.0198635e+01   3.4564117e+01   0.0000000e+00
   7.0289970e+01   3.4539701e+01   0.0000000e+00
   7.0381840e+01   3.4516802e+01   0.0000000e+00
   7.0475461e+01   3.4500447e+01   0.0000000e+00
   7.0570748e+01   3.4491135e+01   0.0000000e+00
   7.0666243e+01   3.4483465e+01   0.0000000e+00
   7.0761900e+01   3.4477392e+01   0.0000000e+00
   7.0857683e+01   3.4472924e+01   0.0000000e+00
   7.0953559e+01   3.4470211e+01   0.0000000e+00
   7.1049486e+01   3.4470000e+01   0.0000000e+00
   7.1145372e+01   3.4472218e+01   0.0000000e+00
   7.1239224e+01   3.4486769e+01   0.0000000e+00
   7.1331745e+01   3.4507722e+01   0.0000000e+00
   7.1423388e+01   3.4531197e+01   0.0000000e+00
   7.1514187e+01   3.4556892e+01   0.0000000e+00
   7.1604312e+01   3.4584221e+01   0.0000000e+00
   7.1693614e+01   3.4613363e+01   0.0000000e+00
   7.1780368e+01   3.4646940e+01   0.0000000e+00
   7.1860050e+01   3.4691212e+01   0.0000000e+00
   7.1938955e+01   3.4736460e+01   0.0000000e+00
   7.2016625e+01   3.4783180e+01   0.0000000e+00
   7.2093047e+01   3.4831308e+01   0.0000000e+00
   7.2168300e+01   3.4880720e+01   0.0000000e+00
   7.2241437e+01   3.4932206e+01   0.0000000e+00
   7.2311808e+01   3.4986319e+01   0.0000000e+00
   7.2381344e+01   3.5041194e+01   0.0000000e+00
   7.2450225e+01   3.5096658e+01   0.0000000e+00
   7.2517961e+01   3.5153096e+01   0.0000000e+00
   7.2582636e+01   3.5211912e+01   0.0000000e+00
   7.2647000e+01   3.5271000e+01   0.0000000e+00
   6.8444000e+01   3.6170000e+01   5.0000000e+01
   6.8496887e+01   3.6137890e+01   5.0000000e+01
   6.8550009e+01   3.6106054e+01   5.0000000e+01
   6.8603468e+01   3.6074607e+01   5.0000000e+01
   6.8657086e+01   3.6043368e+01   5.0000000e+01
   6.8710894e+01   3.6012362e+01   5.0000000e+01
   6.8765255e+01   3.5982021e+01   5.0000000e+01
   6.8819730e+01   3.5951839e+01   5.0000000e+01
   6.8874291e+01   3.5921776e+01   5.0000000e+01
   6.8929360e+01   3.5892364e+01   5.0000000e+01
   6.8984419e+01   3.5862958e+01   5.0000000e+01
   6.9039465e+01   3.5833558e+01   5.0000000e+01
   6.9096852e+01   3.5807350e+01   5.0000000e+01
   6.9154662e+01   3.5781729e+01   5.0000000e+01
   6.9212457e+01   3.5756116e+01   5.0000000e+01
   6.9270505e+01   3.5730918e+01   5.0000000e+01
   6.9328840e+01   3.5706188e+01   5.0000000e+01
   6.9387732e+01   3.5682367e+01   5.0000000e+01
   6.9446707e+01   3.5658717e+01   5.0000000e+01
   6.9505888e+01   3.5635437e+01   5.0000000e+01
   6.9565614e+01   3.5613122e+01   5.0000000e+01
   6.9625546e+01   3.5591209e+01   5.0000000e+01
   6.9685716e+01   3.5569761e+01   5.0000000e+01
   6.9746492e+01   3.5549503e+01   5.0000000e+01
   6.9807444e+01   3.5529631e+01   5.0000000e+01
   6.9869021e+01   3.5511482e+01   5.0000000e+01
   6.9933549e+01   3.5501705e+01   5.0000000e+01
   6.9998169e+01   3.5492376e+01   5.0000000e+01
   7.0062870e+01   3.5483464e+01   5.0000000e+01
   7.0127894e+01   3.5476312e+01   5.0000000e+01
   7.0193013e+01   3.5469817e+01   5.0000000e+01
   7.0258218e+01   3.5463927e+01   5.0000000e+01
   7.0323641e+01   3.5460002e+01   5.0000000e+01
   7.0389110e+01   3.5456716e+01   5.0000000e+01
   7.0454627e+01   3.5454095e+01   5.0000000e+01
   7.0520213e+01   3.5453374e+01   5.0000000e+01
   7.0585796e+01   3.5453556e+01   5.0000000e+01
   7.0651371e+01   3.5454867e+01   5.0000000e+01
   7.0716857e+01   3.5457914e+01   5.0000000e+01
   7.0782269e+01   3.5461843e+01   5.0000000e+01
   7.0847563e+01   3.5467015e+01   5.0000000e+01
   7.0908663e+01   3.5485345e+01   5.0000000e+01
   7.0968607e+01   3.5507074e+01   5.0000000e+01
   7.1027411e+01   3.5530833e+01   5.0000000e+01
   7.1085849e+01   3.5555192e+01   5.0000000e+01
   7.1143831e+01   3.5580298e+01   5.0000000e+01
   7.1200520e+01   3.5607297e+01   5.0000000e+01
   7.1256692e+01   3.5635032e+01   5.0000000e+01
   7.1311689e+01   3.5664324e+01   5.0000000e+01
   7.1366004e+01   3.5694441e+01   5.0000000e+01
   7.1419417e+01   3.5725648e+01   5.0000000e+01
   7.1471877e+01   3.5757923e+01   5.0000000e+01
   7.1523412e+01   3.5791081e+01   5.0000000e+01
   7.1567431e+01   3.5830841e+01   5.0000000e+01
   7.1610340e+01   3.5871396e+01   5.0000000e+01
   7.1652381e+01   3.5912560e+01   5.0000000e+01
   7.1693477e+01   3.5954365e+01   5.0000000e+01
   7.1733128e+01   3.5997086e+01   5.0000000e+01
   7.1771949e+01   3.6040312e+01   5.0000000e+01
   7.1810000e+01   3.6084000e+01   5.0000000e+01
   6.8741000e+01   3.6332000e+01   1.0000000e+02
   6.8785469e+01   3.6305775e+01   1.0000000e+02
   6.8830016e+01   3.6279645e+01   1.0000000e+02
   6.8874804e+01   3.6253805e+01   1.0000000e+02
   6.8919941e+01   3.6228383e+01   1.0000000e+02
   6.8965419e+01   3.6203369e+01   1.0000000e+02
   6.9010885e+01   3.6178363e+01   1.0000000e+02
   6.9056346e+01   3.6153360e+01   1.0000000e+02
   6.9102434e+01   3.6129147e+01   1.0000000e+02
   6.9148611e+01   3.6105053e+01   1.0000000e+02
   6.9195024e+01   3.6081280e+01   1.0000000e+02
   6.9241581e+01   3.6057709e+01   1.0000000e+02
   6.9288293e+01   3.6034354e+01   1.0000000e+02
   6.9336821e+01   3.6013672e+01   1.0000000e+02
   6.9386028e+01   3.5993989e+01   1.0000000e+02
   6.9435220e+01   3.5974312e+01   1.0000000e+02
   6.9484409e+01   3.5954637e+01   1.0000000e+02
   6.9534381e+01   3.5936347e+01   1.0000000e+02
   6.9584475e+01   3.5918272e+01   1.0000000e+02
   6.9634770e+01   3.5900606e+01   1.0000000e+02
   6.9685082e+01   3.5882974e+01   1.0000000e+02
   6.9735978e+01   3.5866522e+01   1.0000000e+02
   6.9786910e+01   3.5850148e+01   1.0000000e+02
   6.9838425e+01   3.5835057e+01   1.0000000e+02
   6.9890006e+01   3.5820127e+01   1.0000000e+02
   6.9942009e+01   3.5806225e+01   1.0000000e+02
   6.9994488e+01   3.5794153e+01   1.0000000e+02
   7.0048962e+01   3.5789751e+01   1.0000000e+02
   7.0103494e+01   3.5785954e+01   1.0000000e+02
   7.0158125e+01   3.5783167e+01   1.0000000e+02
   7.0212796e+01   3.5781036e+01   1.0000000e+02
   7.0267494e+01   3.5779379e+01   1.0000000e+02
   7.0322220e+01   3.5779000e+01   1.0000000e+02
   7.0376956e+01   3.5779000e+01   1.0000000e+02
   7.0431655e+01   3.5780596e+01   1.0000000e+02
   7.0486150e+01   3.5783512e+01   1.0000000e+02
   7.0539515e+01   3.5793415e+01   1.0000000e+02
   7.0592713e+01   3.5803875e+01   1.0000000e+02
   7.0645580e+01   3.5815439e+01   1.0000000e+02
   7.0698149e+01   3.5827859e+01   1.0000000e+02
   7.0750441e+01   3.5841069e+01   1.0000000e+02
   7.0802277e+01   3.5855420e+01   1.0000000e+02
   7.0853920e+01   3.5870254e+01   1.0000000e+02
   7.0904927e+01   3.5886493e+01   1.0000000e+02
   7.0955541e+01   3.5903392e+01   1.0000000e+02
   7.1000966e+01   3.5928267e+01   1.0000000e+02
   7.1046085e+01   3.5953496e+01   1.0000000e+02
   7.1090033e+01   3.5980082e+01   1.0000000e+02
   7.1133604e+01   3.6007074e+01   1.0000000e+02
   7.1176515e+01   3.6034775e+01   1.0000000e+02
   7.1218977e+01   3.6062933e+01   1.0000000e+02
   7.1261031e+01   3.6091508e+01   1.0000000e+02
   7.1300697e+01   3.6122182e+01   1.0000000e+02
   7.1339175e+01   3.6153901e+01   1.0000000e+02
   7.1377018e+01   3.6186127e+01   1.0000000e+02
   7.1414645e+01   3.6218527e+01   1.0000000e+02
   7.1451540e+01   3.6251486e+01   1.0000000e+02
   7.1488287e+01   3.6284558e+01   1.0000000e+02
   7.1524178e+01   3.6318254e+01   1.0000000e+02
   7.1560000e+01   3.6352000e+01   1.0000000e+02
   6.8920000e+01   3.6622000e+01   1.5000000e+02
   6.8957849e+01   3.6599711e+01   1.5000000e+02
   6.8995699e+01   3.6577422e+01   1.5000000e+02
   6.9033782e+01   3.6555410e+01   1.5000000e+02
   6.9072007e+01   3.6533567e+01   1.5000000e+02
   6.9110320e+01   3.6511833e+01   1.5000000e+02
   6.9148912e+01   3.6490440e+01   1.5000000e+02
   6.9187503e+01   3.6469047e+01   1.5000000e+02
   6.9226401e+01   3.6448043e+01   1.5000000e+02
   6.9265349e+01   3.6427103e+01   1.5000000e+02
   6.9304461e+01   3.6406377e+01   1.5000000e+02
   6.9343757e+01   3.6385893e+01   1.5000000e+02
   6.9383098e+01   3.6365467e+01   1.5000000e+02
   6.9422965e+01   3.6345744e+01   1.5000000e+02
   6.9462833e+01   3.6326020e+01   1.5000000e+02
   6.9503897e+01   3.6308032e+01   1.5000000e+02
   6.9545488e+01   3.6290808e+01   1.5000000e+02
   6.9587166e+01   3.6273734e+01   1.5000000e+02
   6.9629034e+01   3.6256986e+01   1.5000000e+02
   6.9670902e+01   3.6240239e+01   1.5000000e+02
   6.9713387e+01   3.6224571e+01   1.5000000e+02
   6.9755920e+01   3.6208990e+01   1.5000000e+02
   6.9798729e+01   3.6193937e+01   1.5000000e+02
   6.9841763e+01   3.6179314e+01   1.5000000e+02
   6.9884888e+01   3.6164881e+01   1.5000000e+02
   6.9928501e+01   3.6151461e+01   1.5000000e+02
   6.9972114e+01   3.6138042e+01   1.5000000e+02
   7.0016291e+01   3.6125942e+01   1.5000000e+02
   7.0060635e+01   3.6114229e+01   1.5000000e+02
   7.0105841e+01   3.6106345e+01   1.5000000e+02
   7.0152437e+01   3.6104635e+01   1.5000000e+02
   7.0199036e+01   3.6103000e+01   1.5000000e+02
   7.0245679e+01   3.6103000e+01   1.5000000e+02
   7.0292323e+01   3.6103000e+01   1.5000000e+02
   7.0338932e+01   3.6104245e+01   1.5000000e+02
   7.0385529e+01   3.6105955e+01   1.5000000e+02
   7.0432028e+01   3.6108669e+01   1.5000000e+02
   7.0478373e+01   3.6112960e+01   1.5000000e+02
   7.0524565e+01   3.6117770e+01   1.5000000e+02
   7.0568305e+01   3.6130891e+01   1.5000000e+02
   7.0611907e+01   3.6144302e+01   1.5000000e+02
   7.0655049e+01   3.6158683e+01   1.5000000e+02
   7.0698056e+01   3.6173331e+01   1.5000000e+02
   7.0740879e+01   3.6188347e+01   1.5000000e+02
   7.0783227e+01   3.6204218e+01   1.5000000e+02
   7.0825286e+01   3.6220605e+01   1.5000000e+02
   7.0866121e+01   3.6238886e+01   1.5000000e+02
   7.0906636e+01   3.6257661e+01   1.5000000e+02
   7.0946547e+01   3.6277273e+01   1.5000000e+02
   7.0986275e+01   3.6297138e+01   1.5000000e+02
   7.1025806e+01   3.6317276e+01   1.5000000e+02
   7.1065272e+01   3.6337502e+01   1.5000000e+02
   7.1104329e+01   3.6358254e+01   1.5000000e+02
   7.1143232e+01   3.6379202e+01   1.5000000e+02
   7.1180311e+01   3.6402159e+01   1.5000000e+02
   7.1216691e+01   3.6425886e+01   1.5000000e+02
   7.1252555e+01   3.6450131e+01   1.5000000e+02
   7.1288309e+01   3.6474486e+01   1.5000000e+02
   7.1323677e+01   3.6499221e+01   1.5000000e+02
   7.1359000e+01   3.6524000e+01   1.5000000e+02
   6.9287000e+01   3.6664000e+01   2.0000000e+02
   6.9317623e+01   3.6647484e+01   2.0000000e+02
   6.9348246e+01   3.6630968e+01   2.0000000e+02
   6.9378924e+01   3.6614522e+01   2.0000000e+02
   6.9410130e+01   3.6598748e+01   2.0000000e+02
   6.9441335e+01   3.6582973e+01   2.0000000e+02
   6.9472573e+01   3.6567244e+01   2.0000000e+02
   6.9503957e+01   3.6551725e+01   2.0000000e+02
   6.9535341e+01   3.6536205e+01   2.0000000e+02
   6.9566800e+01   3.6520791e+01   2.0000000e+02
   6.9598454e+01   3.6505653e+01   2.0000000e+02
   6.9630107e+01   3.6490514e+01   2.0000000e+02
   6.9661857e+01   3.6475518e+01   2.0000000e+02
   6.9693771e+01   3.6460762e+01   2.0000000e+02
   6.9725685e+01   3.6446006e+01   2.0000000e+02
   6.9758144e+01   3.6432090e+01   2.0000000e+02
   6.9791250e+01   3.6419171e+01   2.0000000e+02
   6.9824356e+01   3.6406251e+01   2.0000000e+02
   6.9857643e+01   3.6393659e+01   2.0000000e+02
   6.9890934e+01   3.6381074e+01   2.0000000e+02
   6.9924450e+01   3.6368903e+01   2.0000000e+02
   6.9958177e+01   3.6357119e+01   2.0000000e+02
   6.9991940e+01   3.6345407e+01   2.0000000e+02
   7.0026298e+01   3.6334897e+01   2.0000000e+02
   7.0060657e+01   3.6324387e+01   2.0000000e+02
   7.0096140e+01   3.6317301e+01   2.0000000e+02
   7.0132431e+01   3.6312668e+01   2.0000000e+02
   7.0168721e+01   3.6308036e+01   2.0000000e+02
   7.0205201e+01   3.6304534e+01   2.0000000e+02
   7.0241682e+01   3.6301041e+01   2.0000000e+02
   7.0278221e+01   3.6298028e+01   2.0000000e+02
   7.0314841e+01   3.6295691e+01   2.0000000e+02
   7.0351460e+01   3.6293354e+01   2.0000000e+02
   7.0388165e+01   3.6292344e+01   2.0000000e+02
   7.0424885e+01   3.6291571e+01   2.0000000e+02
   7.0461410e+01   3.6292568e+01   2.0000000e+02
   7.0497385e+01   3.6298564e+01   2.0000000e+02
   7.0533359e+01   3.6304560e+01   2.0000000e+02
   7.0569082e+01   3.6311438e+01   2.0000000e+02
   7.0604633e+01   3.6318923e+01   2.0000000e+02
   7.0640184e+01   3.6326407e+01   2.0000000e+02
   7.0675526e+01   3.6334532e+01   2.0000000e+02
   7.0710849e+01   3.6342712e+01   2.0000000e+02
   7.0746100e+01   3.6351090e+01   2.0000000e+02
   7.0781111e+01   3.6360126e+01   2.0000000e+02
   7.0816123e+01   3.6369161e+01   2.0000000e+02
   7.0850415e+01   3.6379753e+01   2.0000000e+02
   7.0884177e+01   3.6391496e+01   2.0000000e+02
   7.0917938e+01   3.6403239e+01   2.0000000e+02
   7.0951312e+01   3.6415696e+01   2.0000000e+02
   7.0984618e+01   3.6428278e+01   2.0000000e+02
   7.1017900e+01   3.6440905e+01   2.0000000e+02
   7.1051040e+01   3.6453793e+01   2.0000000e+02
   7.1084179e+01   3.6466681e+01   2.0000000e+02
   7.1117134e+01   3.6479876e+01   2.0000000e+02
   7.1149847e+01   3.6493476e+01   2.0000000e+02
   7.1182559e+01   3.6507075e+01   2.0000000e+02
   7.1215089e+01   3.6520970e+01   2.0000000e+02
   7.1247544e+01   3.6534985e+01   2.0000000e+02
   7.1280000e+01   3.6549000e+01   2.0000000e+02
   6.9626000e+01   3.6659000e+01   2.5000000e+02
   6.9651345e+01   3.6646931e+01   2.5000000e+02
   6.9676691e+01   3.6634862e+01   2.5000000e+02
   6.9702036e+01   3.6622792e+01   2.5000000e+02
   6.9727698e+01   3.6611180e+01   2.5000000e+02
   6.9753505e+01   3.6599777e+01   2.5000000e+02
   6.9779312e+01   3.6588374e+01   2.5000000e+02
   6.9805226e+01   3.6577138e+01   2.5000000e+02
   6.9831337e+01   3.6566208e+01   2.5000000e+02
   6.9857447e+01   3.6555278e+01   2.5000000e+02
   6.9883573e+01   3.6544374e+01   2.5000000e+02
   6.9909949e+01   3.6533884e+01   2.5000000e+02
   6.9936325e+01   3.6523393e+01   2.5000000e+02
   6.9962701e+01   3.6512903e+01   2.5000000e+02
   6.9989934e+01   3.6504020e+01   2.5000000e+02
   7.0017496e+01   3.6495751e+01   2.5000000e+02
   7.0045057e+01   3.6487483e+01   2.5000000e+02
   7.0072687e+01   3.6479375e+01   2.5000000e+02
   7.0100399e+01   3.6471458e+01   2.5000000e+02
   7.0128110e+01   3.6463540e+01   2.5000000e+02
   7.0155879e+01   3.6455767e+01   2.5000000e+02
   7.0183926e+01   3.6448678e+01   2.5000000e+02
   7.0211973e+01   3.6441589e+01   2.5000000e+02
   7.0240020e+01   3.6434500e+01   2.5000000e+02
   7.0268390e+01   3.6428325e+01   2.5000000e+02
   7.0296784e+01   3.6422219e+01   2.5000000e+02
   7.0325178e+01   3.6416112e+01   2.5000000e+02
   7.0354215e+01   3.6413616e+01   2.5000000e+02
   7.0383593e+01   3.6413028e+01   2.5000000e+02
   7.0412970e+01   3.6412441e+01   2.5000000e+02
   7.0442349e+01   3.6412073e+01   2.5000000e+02
   7.0471733e+01   3.6412367e+01   2.5000000e+02
   7.0501117e+01   3.6412661e+01   2.5000000e+02
   7.0530501e+01   3.6412955e+01   2.5000000e+02
   7.0559857e+01   3.6414004e+01   2.5000000e+02
   7.0589207e+01   3.6415190e+01   2.5000000e+02
   7.0618557e+01   3.6416376e+01   2.5000000e+02
   7.0647888e+01   3.6417833e+01   2.5000000e+02
   7.0677195e+01   3.6419592e+01   2.5000000e+02
   7.0706503e+01   3.6421350e+01   2.5000000e+02
   7.0735807e+01   3.6423146e+01   2.5000000e+02
   7.0765052e+01   3.6425509e+01   2.5000000e+02
   7.0794296e+01   3.6427872e+01   2.5000000e+02
   7.0823541e+01   3.6430236e+01   2.5000000e+02
   7.0852475e+01   3.6434246e+01   2.5000000e+02
   7.0881260e+01   3.6439043e+01   2.5000000e+02
   7.0910045e+01   3.6443841e+01   2.5000000e+02
   7.0938788e+01   3.6448807e+01   2.5000000e+02
   7.0967497e+01   3.6453911e+01   2.5000000e+02
   7.0996206e+01   3.6459014e+01   2.5000000e+02
   7.1024882e+01   3.6464244e+01   2.5000000e+02
   7.1053511e+01   3.6469652e+01   2.5000000e+02
   7.1082141e+01   3.6475060e+01   2.5000000e+02
   7.1110716e+01   3.6480647e+01   2.5000000e+02
   7.1139146e+01   3.6486716e+01   2.5000000e+02
   7.1167575e+01   3.6492786e+01   2.5000000e+02
   7.1195992e+01   3.6498897e+01   2.5000000e+02
   7.1224328e+01   3.6505265e+01   2.5000000e+02
   7.1252664e+01   3.6511632e+01   2.5000000e+02
   7.1281000e+01   3.6518000e+01   2.5000000e+02
   6.9894000e+01   3.6688000e+01   3.0000000e+02
   6.9917469e+01   3.6677104e+01   3.0000000e+02
   6.9940938e+01   3.6666207e+01   3.0000000e+02
   6.9964408e+01   3.6655311e+01   3.0000000e+02
   6.9988088e+01   3.6644727e+01   3.0000000e+02
   7.0012058e+01   3.6634575e+01   3.0000000e+02
   7.0036029e+01   3.6624423e+01   3.0000000e+02
   7.0060000e+01   3.6614271e+01   3.0000000e+02
   7.0084189e+01   3.6604476e+01   3.0000000e+02
   7.0108410e+01   3.6594731e+01   3.0000000e+02
   7.0132632e+01   3.6584987e+01   3.0000000e+02
   7.0156980e+01   3.6575462e+01   3.0000000e+02
   7.0181649e+01   3.6566491e+01   3.0000000e+02
   7.0206319e+01   3.6557521e+01   3.0000000e+02
   7.0230988e+01   3.6548550e+01   3.0000000e+02
   7.0256682e+01   3.6541870e+01   3.0000000e+02
   7.0282783e+01   3.6536101e+01   3.0000000e+02
   7.0308884e+01   3.6530331e+01   3.0000000e+02
   7.0335004e+01   3.6524624e+01   3.0000000e+02
   7.0361360e+01   3.6519682e+01   3.0000000e+02
   7.0387716e+01   3.6514741e+01   3.0000000e+02
   7.0414072e+01   3.6509799e+01   3.0000000e+02
   7.0440488e+01   3.6505085e+01   3.0000000e+02
   7.0466983e+01   3.6500670e+01   3.0000000e+02
   7.0493477e+01   3.6496254e+01   3.0000000e+02
   7.0519972e+01   3.6491838e+01   3.0000000e+02
   7.0546620e+01   3.6488102e+01   3.0000000e+02
   7.0573305e+01   3.6484526e+01   3.0000000e+02
   7.0599989e+01   3.6480950e+01   3.0000000e+02
   7.0626683e+01   3.6477421e+01   3.0000000e+02
   7.0653417e+01   3.6474113e+01   3.0000000e+02
   7.0680151e+01   3.6470806e+01   3.0000000e+02
   7.0706885e+01   3.6467499e+01   3.0000000e+02
   7.0733788e+01   3.6465862e+01   3.0000000e+02
   7.0760833e+01   3.6465609e+01   3.0000000e+02
   7.0787877e+01   3.6465356e+01   3.0000000e+02
   7.0814921e+01   3.6465104e+01   3.0000000e+02
   7.0841962e+01   3.6465298e+01   3.0000000e+02
   7.0869002e+01   3.6465804e+01   3.0000000e+02
   7.0896041e+01   3.6466309e+01   3.0000000e+02
   7.0923080e+01   3.6466815e+01   3.0000000e+02
   7.0950095e+01   3.6467799e+01   3.0000000e+02
   7.0977097e+01   3.6469061e+01   3.0000000e+02
   7.1004099e+01   3.6470322e+01   3.0000000e+02
   7.1031101e+01   3.6471584e+01   3.0000000e+02
   7.1058058e+01   3.6473350e+01   3.0000000e+02
   7.1084991e+01   3.6475364e+01   3.0000000e+02
   7.1111925e+01   3.6477378e+01   3.0000000e+02
   7.1138859e+01   3.6479391e+01   3.0000000e+02
   7.1165691e+01   3.6482116e+01   3.0000000e+02
   7.1192480e+01   3.6485149e+01   3.0000000e+02
   7.1219269e+01   3.6488181e+01   3.0000000e+02
   7.1246059e+01   3.6491214e+01   3.0000000e+02
   7.1271939e+01   3.6497285e+01   3.0000000e+02
   7.1297502e+01   3.6504419e+01   3.0000000e+02
   7.1323065e+01   3.6511553e+01   3.0000000e+02
   7.1348481e+01   3.6519012e+01   3.0000000e+02
   7.1373654e+01   3.6527008e+01   3.0000000e+02
   7.1398827e+01   3.6535004e+01   3.0000000e+02
   7.1424000e+01   3.6543000e+01   3.0000000e+02
