   7.5572000e+01   3.8662000e+01   0.0000000e+00
   7.5488418e+01   3.8695929e+01   0.0000000e+00
   7.5403996e+01   3.8728619e+01   0.0000000e+00
   7.5318673e+01   3.8759905e+01   0.0000000e+00
   7.5232371e+01   3.8789566e+01   0.0000000e+00
   7.5145084e+01   3.8817503e+01   0.0000000e+00
   7.5057060e+01   3.8844076e+01   0.0000000e+00
   7.4964867e+01   3.8859856e+01   0.0000000e+00
   7.4872143e+01   3.8873841e+01   0.0000000e+00
   7.4778969e+01   3.8885921e+01   0.0000000e+00
   7.4685495e+01   3.8896637e+01   0.0000000e+00
   7.4591836e+01   3.8906379e+01   0.0000000e+00
   7.4497897e+01   3.8914000e+01   0.0000000e+00
   7.4403382e+01   3.8914000e+01   0.0000000e+00
   7.4308875e+01   3.8913173e+01   0.0000000e+00
   7.4214411e+01   3.8910920e+01   0.0000000e+00
   7.4120030e+01   3.8907203e+01   0.0000000e+00
   7.4025727e+01   3.8902453e+01   0.0000000e+00
   7.3931527e+01   3.8896690e+01   0.0000000e+00
   7.3837725e+01   3.8888396e+01   0.0000000e+00
   7.3745211e+01   3.8873506e+01   0.0000000e+00
   7.3652937e+01   3.8857807e+01   0.0000000e+00
   7.3560982e+01   3.8841088e+01   0.0000000e+00
   7.3469564e+01   3.8822740e+01   0.0000000e+00
   7.3378454e+01   3.8803551e+01   0.0000000e+00
   7.3290118e+01   3.8777980e+01   0.0000000e+00
   7.3203066e+01   3.8749689e+01   0.0000000e+00
   7.3116555e+01   3.8720461e+01   0.0000000e+00
   7.3030488e+01   3.8690505e+01   0.0000000e+00
   7.2944912e+01   3.8659765e+01   0.0000000e+00
   7.2859755e+01   3.8628395e+01   0.0000000e+00
   7.2776748e+01   3.8593804e+01   0.0000000e+00
   7.2694973e+01   3.8557460e+01   0.0000000e+00
   7.2613865e+01   3.8520270e+01   0.0000000e+00
   7.2533154e+01   3.8482605e+01   0.0000000e+00
   7.2452474e+01   3.8444954e+01   0.0000000e+00
   7.2371900e+01   3.8407219e+01   0.0000000e+00
   7.2291813e+01   3.8368906e+01   0.0000000e+00
   7.2212743e+01   3.8329372e+01   0.0000000e+00
   7.2133958e+01   3.8289543e+01   0.0000000e+00
   7.2054988e+01   3.8249994e+01   0.0000000e+00
   7.1976218e+01   3.8210251e+01   0.0000000e+00
   7.1897911e+01   3.8170001e+01   0.0000000e+00
   7.1819799e+01   3.8129567e+01   0.0000000e+00
   7.1742583e+01   3.8088149e+01   0.0000000e+00
   7.1666205e+01   3.8045809e+01   0.0000000e+00
   7.1589885e+01   3.8003452e+01   0.0000000e+00
   7.1513845e+01   3.7960836e+01   0.0000000e+00
   7.1437837e+01   3.7918238e+01   0.0000000e+00
   7.1362213e+01   3.7875265e+01   0.0000000e+00
   7.1287013e+01   3.7831876e+01   0.0000000e+00
   7.1212025e+01   3.7788303e+01   0.0000000e+00
   7.1137129e+01   3.7744686e+01   0.0000000e+00
   7.1064310e+01   3.7698962e+01   0.0000000e+00
   7.0991521e+01   3.7653258e+01   0.0000000e+00
   7.0918759e+01   3.7607569e+01   0.0000000e+00
   7.0846492e+01   3.7561436e+01   0.0000000e+00
   7.0774635e+01   3.7514940e+01   0.0000000e+00
   7.0702805e+01   3.7468462e+01   0.0000000e+00
   7.0631000e+01   3.7422000e+01   0.0000000e+00
   7.5471000e+01   3.8253000e+01   5.0000000e+01
   7.5387229e+01   3.8280051e+01   5.0000000e+01
   7.5303100e+01   3.8306469e+01   5.0000000e+01
   7.5218538e+01   3.8332076e+01   5.0000000e+01
   7.5133342e+01   3.8356406e+01   5.0000000e+01
   7.5047480e+01   3.8379316e+01   5.0000000e+01
   7.4961179e+01   3.8401268e+01   5.0000000e+01
   7.4874664e+01   3.8422741e+01   5.0000000e+01
   7.4787326e+01   3.8442148e+01   5.0000000e+01
   7.4699899e+01   3.8461382e+01   5.0000000e+01
   7.4610280e+01   3.8472479e+01   5.0000000e+01
   7.4520220e+01   3.8481778e+01   5.0000000e+01
   7.4429955e+01   3.8489767e+01   5.0000000e+01
   7.4339464e+01   3.8496169e+01   5.0000000e+01
   7.4248889e+01   3.8501881e+01   5.0000000e+01
   7.4158114e+01   3.8505203e+01   5.0000000e+01
   7.4067819e+01   3.8499182e+01   5.0000000e+01
   7.3977907e+01   3.8488958e+01   5.0000000e+01
   7.3888333e+01   3.8477118e+01   5.0000000e+01
   7.3799037e+01   3.8464096e+01   5.0000000e+01
   7.3710133e+01   3.8449643e+01   5.0000000e+01
   7.3621831e+01   3.8433090e+01   5.0000000e+01
   7.3533785e+01   3.8415788e+01   5.0000000e+01
   7.3446356e+01   3.8396752e+01   5.0000000e+01
   7.3364945e+01   3.8365375e+01   5.0000000e+01
   7.3284428e+01   3.8332671e+01   5.0000000e+01
   7.3204953e+01   3.8298495e+01   5.0000000e+01
   7.3125961e+01   3.8263671e+01   5.0000000e+01
   7.3047332e+01   3.8228405e+01   5.0000000e+01
   7.2969621e+01   3.8191948e+01   5.0000000e+01
   7.2892566e+01   3.8154691e+01   5.0000000e+01
   7.2815989e+01   3.8116885e+01   5.0000000e+01
   7.2741376e+01   3.8076796e+01   5.0000000e+01
   7.2667944e+01   3.8035397e+01   5.0000000e+01
   7.2595241e+01   3.7993251e+01   5.0000000e+01
   7.2522878e+01   3.7950785e+01   5.0000000e+01
   7.2450322e+01   3.7908568e+01   5.0000000e+01
   7.2378693e+01   3.7865417e+01   5.0000000e+01
   7.2306571e+01   3.7822831e+01   5.0000000e+01
   7.2235182e+01   3.7779526e+01   5.0000000e+01
   7.2164890e+01   3.7735160e+01   5.0000000e+01
   7.2095045e+01   3.7690388e+01   5.0000000e+01
   7.2025225e+01   3.7645632e+01   5.0000000e+01
   7.1955617e+01   3.7600711e+01   5.0000000e+01
   7.1886475e+01   3.7555380e+01   5.0000000e+01
   7.1817645e+01   3.7509791e+01   5.0000000e+01
   7.1748839e+01   3.7464218e+01   5.0000000e+01
   7.1680061e+01   3.7418664e+01   5.0000000e+01
   7.1612098e+01   3.7372383e+01   5.0000000e+01
   7.1546107e+01   3.7324387e+01   5.0000000e+01
   7.1480513e+01   3.7276067e+01   5.0000000e+01
   7.1415024e+01   3.7227694e+01   5.0000000e+01
   7.1350173e+01   3.7178810e+01   5.0000000e+01
   7.1285450e+01   3.7129853e+01   5.0000000e+01
   7.1221525e+01   3.7080276e+01   5.0000000e+01
   7.1156932e+01   3.7031287e+01   5.0000000e+01
   7.1092998e+01   3.6981788e+01   5.0000000e+01
   7.1029487e+01   3.6931970e+01   5.0000000e+01
   7.0965855e+01   3.6882284e+01   5.0000000e+01
   7.0903000e+01   3.6832000e+01   5.0000000e+01
   7.5253000e+01   3.8075000e+01   1.0000000e+02
   7.5176833e+01   3.8102098e+01   1.0000000e+02
   7.5099927e+01   3.8127890e+01   1.0000000e+02
   7.5022380e+01   3.8152527e+01   1.0000000e+02
   7.4944273e+01   3.8176106e+01   1.0000000e+02
   7.4865497e+01   3.8198328e+01   1.0000000e+02
   7.4786123e+01   3.8219219e+01   1.0000000e+02
   7.4706151e+01   3.8238710e+01   1.0000000e+02
   7.4625497e+01   3.8256468e+01   1.0000000e+02
   7.4544340e+01   3.8272807e+01   1.0000000e+02
   7.4462878e+01   3.8288229e+01   1.0000000e+02
   7.4380909e+01   3.8301222e+01   1.0000000e+02
   7.4297109e+01   3.8302898e+01   1.0000000e+02
   7.4213282e+01   3.8303000e+01   1.0000000e+02
   7.4129475e+01   3.8301769e+01   1.0000000e+02
   7.4045721e+01   3.8299189e+01   1.0000000e+02
   7.3962085e+01   3.8294976e+01   1.0000000e+02
   7.3878632e+01   3.8288887e+01   1.0000000e+02
   7.3795369e+01   3.8281393e+01   1.0000000e+02
   7.3716188e+01   3.8260139e+01   1.0000000e+02
   7.3637976e+01   3.8236620e+01   1.0000000e+02
   7.3560352e+01   3.8211947e+01   1.0000000e+02
   7.3483069e+01   3.8186665e+01   1.0000000e+02
   7.3406991e+01   3.8159277e+01   1.0000000e+02
   7.3331289e+01   3.8131300e+01   1.0000000e+02
   7.3256116e+01   3.8102505e+01   1.0000000e+02
   7.3181903e+01   3.8072312e+01   1.0000000e+02
   7.3112496e+01   3.8035701e+01   1.0000000e+02
   7.3043481e+01   3.7998675e+01   1.0000000e+02
   7.2974818e+01   3.7961282e+01   1.0000000e+02
   7.2906540e+01   3.7923489e+01   1.0000000e+02
   7.2838884e+01   3.7885048e+01   1.0000000e+02
   7.2771654e+01   3.7846186e+01   1.0000000e+02
   7.2704917e+01   3.7806835e+01   1.0000000e+02
   7.2638594e+01   3.7767080e+01   1.0000000e+02
   7.2572505e+01   3.7727119e+01   1.0000000e+02
   7.2506443e+01   3.7687175e+01   1.0000000e+02
   7.2441195e+01   3.7646441e+01   1.0000000e+02
   7.2376246e+01   3.7605436e+01   1.0000000e+02
   7.2311018e+01   3.7564741e+01   1.0000000e+02
   7.2246273e+01   3.7523609e+01   1.0000000e+02
   7.2182777e+01   3.7481313e+01   1.0000000e+02
   7.2119602e+01   3.7438735e+01   1.0000000e+02
   7.2056235e+01   3.7396369e+01   1.0000000e+02
   7.1994073e+01   3.7352930e+01   1.0000000e+02
   7.1931591e+01   3.7309815e+01   1.0000000e+02
   7.1869185e+01   3.7266659e+01   1.0000000e+02
   7.1807099e+01   3.7223241e+01   1.0000000e+02
   7.1745346e+01   3.7179562e+01   1.0000000e+02
   7.1683956e+01   3.7135590e+01   1.0000000e+02
   7.1622842e+01   3.7091403e+01   1.0000000e+02
   7.1562146e+01   3.7046887e+01   1.0000000e+02
   7.1504223e+01   3.7000103e+01   1.0000000e+02
   7.1446591e+01   3.6953120e+01   1.0000000e+02
   7.1389257e+01   3.6905928e+01   1.0000000e+02
   7.1332238e+01   3.6858516e+01   1.0000000e+02
   7.1275617e+01   3.6810835e+01   1.0000000e+02
   7.1219011e+01   3.6763168e+01   1.0000000e+02
   7.1162718e+01   3.6715289e+01   1.0000000e+02
   7.1107000e+01   3.6667000e+01   1.0000000e+02
   7.5159000e+01   3.7737000e+01   1.5000000e+02
   7.5091509e+01   3.7760861e+01   1.5000000e+02
   7.5023776e+01   3.7784316e+01   1.5000000e+02
   7.4955793e+01   3.7807346e+01   1.5000000e+02
   7.4887208e+01   3.7829293e+01   1.5000000e+02
   7.4818147e+01   3.7850310e+01   1.5000000e+02
   7.4748734e+01   3.7870635e+01   1.5000000e+02
   7.4679057e+01   3.7890445e+01   1.5000000e+02
   7.4609004e+01   3.7909440e+01   1.5000000e+02
   7.4538675e+01   3.7927831e+01   1.5000000e+02
   7.4468025e+01   3.7945494e+01   1.5000000e+02
   7.4395948e+01   3.7958910e+01   1.5000000e+02
   7.4323188e+01   3.7970116e+01   1.5000000e+02
   7.4250139e+01   3.7980136e+01   1.5000000e+02
   7.4176817e+01   3.7988902e+01   1.5000000e+02
   7.4103098e+01   3.7995339e+01   1.5000000e+02
   7.4029736e+01   3.7990151e+01   1.5000000e+02
   7.3956671e+01   3.7980184e+01   1.5000000e+02
   7.3883943e+01   3.7968775e+01   1.5000000e+02
   7.3811984e+01   3.7954730e+01   1.5000000e+02
   7.3740478e+01   3.7939370e+01   1.5000000e+02
   7.3669711e+01   3.7922174e+01   1.5000000e+02
   7.3601701e+01   3.7898989e+01   1.5000000e+02
   7.3534424e+01   3.7874558e+01   1.5000000e+02
   7.3467589e+01   3.7849412e+01   1.5000000e+02
   7.3401242e+01   3.7823511e+01   1.5000000e+02
   7.3335630e+01   3.7796495e+01   1.5000000e+02
   7.3270199e+01   3.7769250e+01   1.5000000e+02
   7.3205336e+01   3.7741208e+01   1.5000000e+02
   7.3142177e+01   3.7710985e+01   1.5000000e+02
   7.3081537e+01   3.7677599e+01   1.5000000e+02
   7.3021282e+01   3.7643821e+01   1.5000000e+02
   7.2961347e+01   3.7609712e+01   1.5000000e+02
   7.2901801e+01   3.7575203e+01   1.5000000e+02
   7.2842502e+01   3.7540467e+01   1.5000000e+02
   7.2783425e+01   3.7505519e+01   1.5000000e+02
   7.2724580e+01   3.7470347e+01   1.5000000e+02
   7.2665144e+01   3.7435849e+01   1.5000000e+02
   7.2605559e+01   3.7401540e+01   1.5000000e+02
   7.2545959e+01   3.7367273e+01   1.5000000e+02
   7.2486566e+01   3.7332810e+01   1.5000000e+02
   7.2427194e+01   3.7298359e+01   1.5000000e+02
   7.2368205e+01   3.7263523e+01   1.5000000e+02
   7.2309522e+01   3.7228384e+01   1.5000000e+02
   7.2250640e+01   3.7193490e+01   1.5000000e+02
   7.2192192e+01   3.7158167e+01   1.5000000e+02
   7.2133948e+01   3.7122656e+01   1.5000000e+02
   7.2076020e+01   3.7086856e+01   1.5000000e+02
   7.2021619e+01   3.7047714e+01   1.5000000e+02
   7.1967623e+01   3.7008239e+01   1.5000000e+02
   7.1913973e+01   3.6968480e+01   1.5000000e+02
   7.1860642e+01   3.6928482e+01   1.5000000e+02
   7.1807546e+01   3.6888304e+01   1.5000000e+02
   7.1754661e+01   3.6847966e+01   1.5000000e+02
   7.1702107e+01   3.6807386e+01   1.5000000e+02
   7.1649950e+01   3.6766499e+01   1.5000000e+02
   7.1598157e+01   3.6725330e+01   1.5000000e+02
   7.1546385e+01   3.6684178e+01   1.5000000e+02
   7.1495005e+01   3.6642731e+01   1.5000000e+02
   7.1444000e+01   3.6601000e+01   1.5000000e+02
   7.4972000e+01   3.7508000e+01   2.0000000e+02
   7.4914008e+01   3.7525650e+01   2.0000000e+02
   7.4855636e+01   3.7542480e+01   2.0000000e+02
   7.4796725e+01   3.7558148e+01   2.0000000e+02
   7.4737852e+01   3.7573943e+01   2.0000000e+02
   7.4678793e+01   3.7589290e+01   2.0000000e+02
   7.4619112e+01   3.7603111e+01   2.0000000e+02
   7.4559285e+01   3.7616558e+01   2.0000000e+02
   7.4499352e+01   3.7629722e+01   2.0000000e+02
   7.4438996e+01   3.7641667e+01   2.0000000e+02
   7.4378466e+01   3.7653053e+01   2.0000000e+02
   7.4317739e+01   3.7663807e+01   2.0000000e+02
   7.4255896e+01   3.7668971e+01   2.0000000e+02
   7.4193899e+01   3.7673275e+01   2.0000000e+02
   7.4131756e+01   3.7676074e+01   2.0000000e+02
   7.4069586e+01   3.7678350e+01   2.0000000e+02
   7.4007355e+01   3.7679471e+01   2.0000000e+02
   7.3945125e+01   3.7679408e+01   2.0000000e+02
   7.3882895e+01   3.7678286e+01   2.0000000e+02
   7.3822349e+01   3.7668187e+01   2.0000000e+02
   7.3762538e+01   3.7654598e+01   2.0000000e+02
   7.3703265e+01   3.7639617e+01   2.0000000e+02
   7.3644443e+01   3.7623608e+01   2.0000000e+02
   7.3585871e+01   3.7607041e+01   2.0000000e+02
   7.3527532e+01   3.7589998e+01   2.0000000e+02
   7.3469620e+01   3.7572106e+01   2.0000000e+02
   7.3412293e+01   3.7553157e+01   2.0000000e+02
   7.3357503e+01   3.7529931e+01   2.0000000e+02
   7.3302924e+01   3.7506417e+01   2.0000000e+02
   7.3248608e+01   3.7482542e+01   2.0000000e+02
   7.3194310e+01   3.7458675e+01   2.0000000e+02
   7.3140092e+01   3.7434709e+01   2.0000000e+02
   7.3086612e+01   3.7409752e+01   2.0000000e+02
   7.3033009e+01   3.7384982e+01   2.0000000e+02
   7.2979227e+01   3.7360481e+01   2.0000000e+02
   7.2926057e+01   3.7335185e+01   2.0000000e+02
   7.2873090e+01   3.7309627e+01   2.0000000e+02
   7.2819832e+01   3.7284494e+01   2.0000000e+02
   7.2766523e+01   3.7259444e+01   2.0000000e+02
   7.2713133e+01   3.7234529e+01   2.0000000e+02
   7.2660095e+01   3.7209170e+01   2.0000000e+02
   7.2607183e+01   3.7183658e+01   2.0000000e+02
   7.2552448e+01   3.7160759e+01   2.0000000e+02
   7.2497746e+01   3.7137820e+01   2.0000000e+02
   7.2443156e+01   3.7114746e+01   2.0000000e+02
   7.2388708e+01   3.7091482e+01   2.0000000e+02
   7.2334434e+01   3.7067982e+01   2.0000000e+02
   7.2280458e+01   3.7044080e+01   2.0000000e+02
   7.2226635e+01   3.7019972e+01   2.0000000e+02
   7.2177896e+01   3.6989899e+01   2.0000000e+02
   7.2129947e+01   3.6958917e+01   2.0000000e+02
   7.2083072e+01   3.6926931e+01   2.0000000e+02
   7.2036347e+01   3.6894815e+01   2.0000000e+02
   7.1990070e+01   3.6862311e+01   2.0000000e+02
   7.1944428e+01   3.6829261e+01   2.0000000e+02
   7.1899607e+01   3.6795506e+01   2.0000000e+02
   7.1855396e+01   3.6761262e+01   2.0000000e+02
   7.1811544e+01   3.6726729e+01   2.0000000e+02
   7.1768656e+01   3.6691454e+01   2.0000000e+02
   7.1726000e+01   3.6656000e+01   2.0000000e+02
