   9.2480000e+01   1.4812000e+01   0.0000000e+00
   9.2026738e+01   1.3907103e+01   0.0000000e+00
   9.1656788e+01   1.2968099e+01   0.0000000e+00
   9.1420254e+01   1.1990019e+01   0.0000000e+00
   9.1303391e+01   1.0992220e+01   0.0000000e+00
   9.1331226e+01   9.9879727e+00   0.0000000e+00
   9.1504751e+01   8.9988406e+00   0.0000000e+00
   9.1825493e+01   8.0453298e+00   0.0000000e+00
   9.2177342e+01   7.1019279e+00   0.0000000e+00
   9.2380596e+01   6.1173210e+00   0.0000000e+00
   9.2553500e+01   5.1271045e+00   0.0000000e+00
   9.2871026e+01   4.1729059e+00   0.0000000e+00
   9.3412320e+01   3.3249580e+00   0.0000000e+00
   9.4099757e+01   2.5927639e+00   0.0000000e+00
   9.4965159e+01   2.0807656e+00   0.0000000e+00
   9.5827965e+01   1.5683287e+00   0.0000000e+00
   9.6514833e+01   8.4341190e-01   0.0000000e+00
   9.6985455e+01  -4.3293033e-02   0.0000000e+00
   9.7391733e+01  -9.6341175e-01   0.0000000e+00
   9.7919011e+01  -1.8156142e+00   0.0000000e+00
   9.8597166e+01  -2.5571656e+00   0.0000000e+00
   9.9260439e+01  -3.3125185e+00   0.0000000e+00
   9.9869572e+01  -4.1138605e+00   0.0000000e+00
   1.0051433e+02  -4.8865101e+00   0.0000000e+00
   1.0117639e+02  -5.6458302e+00   0.0000000e+00
   1.0183517e+02  -6.4086634e+00   0.0000000e+00
   1.0256952e+02  -7.1011073e+00   0.0000000e+00
   1.0344202e+02  -7.6129819e+00   0.0000000e+00
   1.0434974e+02  -8.0633696e+00   0.0000000e+00
   1.0520533e+02  -8.6021233e+00   0.0000000e+00
   1.0605166e+02  -9.1597059e+00   0.0000000e+00
   1.0693398e+02  -9.6637771e+00   0.0000000e+00
   1.0787275e+02  -1.0041158e+01   0.0000000e+00
   1.0887824e+02  -1.0218669e+01   0.0000000e+00
   1.0989316e+02  -1.0337738e+01   0.0000000e+00
   1.1091228e+02  -1.0419743e+01   0.0000000e+00
   1.1193282e+02  -1.0486694e+01   0.0000000e+00
   1.1293959e+02  -1.0661525e+01   0.0000000e+00
   1.1392064e+02  -1.0946643e+01   0.0000000e+00
   1.1491251e+02  -1.1189769e+01   0.0000000e+00
   1.1593235e+02  -1.1291480e+01   0.0000000e+00
   1.1695723e+02  -1.1332713e+01   0.0000000e+00
   1.1798270e+02  -1.1307258e+01   0.0000000e+00
   1.1900722e+02  -1.1261899e+01   0.0000000e+00
   1.2003035e+02  -1.1332128e+01   0.0000000e+00
   1.2105031e+02  -1.1440902e+01   0.0000000e+00
   1.2206992e+02  -1.1478388e+01   0.0000000e+00
   1.2306521e+02  -1.1237699e+01   0.0000000e+00
   1.2400938e+02  -1.0849179e+01   0.0000000e+00
   1.2490272e+02  -1.0358545e+01   0.0000000e+00
   1.2582594e+02  -9.9275105e+00   0.0000000e+00
   1.2676686e+02  -9.5384542e+00   0.0000000e+00
   1.2771325e+02  -9.1645832e+00   0.0000000e+00
   1.2865439e+02  -8.7804824e+00   0.0000000e+00
   1.2957595e+02  -8.3550263e+00   0.0000000e+00
   1.3037864e+02  -7.7517900e+00   0.0000000e+00
   1.3091915e+02  -6.9144276e+00   0.0000000e+00
   1.3112193e+02  -5.9396096e+00   0.0000000e+00
   1.3086909e+02  -4.9756723e+00   0.0000000e+00
   1.3027200e+02  -4.1680000e+00   0.0000000e+00
   9.3935000e+01   1.4325000e+01   5.0000000e+01
   9.3424288e+01   1.3510498e+01   5.0000000e+01
   9.2999815e+01   1.2653023e+01   5.0000000e+01
   9.2716090e+01   1.1740989e+01   5.0000000e+01
   9.2668441e+01   1.0794599e+01   5.0000000e+01
   9.2809624e+01   9.8524646e+00   5.0000000e+01
   9.3031852e+01   8.9245455e+00   5.0000000e+01
   9.3298458e+01   8.0081304e+00   5.0000000e+01
   9.3639032e+01   7.1177886e+00   5.0000000e+01
   9.3993041e+01   6.2339342e+00   5.0000000e+01
   9.4320243e+01   5.3431977e+00   5.0000000e+01
   9.4873830e+01   4.5713030e+00   5.0000000e+01
   9.5573114e+01   3.9208276e+00   5.0000000e+01
   9.6259040e+01   3.2569597e+00   5.0000000e+01
   9.6942517e+01   2.5910332e+00   5.0000000e+01
   9.7566768e+01   1.8705102e+00   5.0000000e+01
   9.8123743e+01   1.0968859e+00   5.0000000e+01
   9.8630091e+01   2.8891716e-01   5.0000000e+01
   9.9163336e+01  -5.0120641e-01   5.0000000e+01
   9.9665408e+01  -1.3116804e+00   5.0000000e+01
   1.0018781e+02  -2.1093795e+00   5.0000000e+01
   1.0076619e+02  -2.8675649e+00   5.0000000e+01
   1.0137341e+02  -3.6037275e+00   5.0000000e+01
   1.0200023e+02  -4.3236232e+00   5.0000000e+01
   1.0270352e+02  -4.9701733e+00   5.0000000e+01
   1.0344160e+02  -5.5770755e+00   5.0000000e+01
   1.0422033e+02  -6.1332550e+00   5.0000000e+01
   1.0503689e+02  -6.6333558e+00   5.0000000e+01
   1.0587143e+02  -7.1056001e+00   5.0000000e+01
   1.0670792e+02  -7.5759034e+00   5.0000000e+01
   1.0757706e+02  -7.9830624e+00   5.0000000e+01
   1.0847498e+02  -8.3285640e+00   5.0000000e+01
   1.0939741e+02  -8.6060920e+00   5.0000000e+01
   1.1032996e+02  -8.8498999e+00   5.0000000e+01
   1.1127201e+02  -9.0585249e+00   5.0000000e+01
   1.1221814e+02  -9.2506610e+00   5.0000000e+01
   1.1316898e+02  -9.4214860e+00   5.0000000e+01
   1.1412306e+02  -9.5762471e+00   5.0000000e+01
   1.1508067e+02  -9.7110645e+00   5.0000000e+01
   1.1604501e+02  -9.7890689e+00   5.0000000e+01
   1.1701153e+02  -9.8365003e+00   5.0000000e+01
   1.1797931e+02  -9.8319445e+00   5.0000000e+01
   1.1893124e+02  -9.6840341e+00   5.0000000e+01
   1.1988092e+02  -9.5099520e+00   5.0000000e+01
   1.2084482e+02  -9.4482257e+00   5.0000000e+01
   1.2181125e+02  -9.4545957e+00   5.0000000e+01
   1.2277682e+02  -9.5037167e+00   5.0000000e+01
   1.2373396e+02  -9.4000084e+00   5.0000000e+01
   1.2467151e+02  -9.1720906e+00   5.0000000e+01
   1.2558452e+02  -8.8616721e+00   5.0000000e+01
   1.2649067e+02  -8.5343121e+00   5.0000000e+01
   1.2739527e+02  -8.2048773e+00   5.0000000e+01
   1.2831034e+02  -7.9075517e+00   5.0000000e+01
   1.2921267e+02  -7.5762817e+00   5.0000000e+01
   1.3002534e+02  -7.0771565e+00   5.0000000e+01
   1.3030227e+02  -6.2005113e+00   5.0000000e+01
   1.3004174e+02  -5.2878788e+00   5.0000000e+01
   1.2949362e+02  -4.5075490e+00   5.0000000e+01
   1.2873808e+02  -3.9264704e+00   5.0000000e+01
   1.2783600e+02  -3.6170000e+00   5.0000000e+01
   9.4389000e+01   1.3457000e+01   1.0000000e+02
   9.3819914e+01   1.2751155e+01   1.0000000e+02
   9.3554785e+01   1.1894394e+01   1.0000000e+02
   9.3474303e+01   1.1002017e+01   1.0000000e+02
   9.3532261e+01   1.0105954e+01   1.0000000e+02
   9.3724756e+01   9.2277318e+00   1.0000000e+02
   9.4029894e+01   8.3810591e+00   1.0000000e+02
   9.4375480e+01   7.5502518e+00   1.0000000e+02
   9.4752888e+01   6.7331362e+00   1.0000000e+02
   9.5031762e+01   5.8794240e+00   1.0000000e+02
   9.5479151e+01   5.1011787e+00   1.0000000e+02
   9.6101326e+01   4.4544989e+00   1.0000000e+02
   9.6803784e+01   3.8923509e+00   1.0000000e+02
   9.7508993e+01   3.3344193e+00   1.0000000e+02
   9.8157161e+01   2.7108394e+00   1.0000000e+02
   9.8746304e+01   2.0321602e+00   1.0000000e+02
   9.9236377e+01   1.2808396e+00   1.0000000e+02
   9.9671148e+01   4.9412715e-01   1.0000000e+02
   1.0012105e+02  -2.8389598e-01   1.0000000e+02
   1.0059000e+02  -1.0506673e+00   1.0000000e+02
   1.0109903e+02  -1.7915875e+00   1.0000000e+02
   1.0162558e+02  -2.5202368e+00   1.0000000e+02
   1.0219076e+02  -3.2197076e+00   1.0000000e+02
   1.0277921e+02  -3.8998377e+00   1.0000000e+02
   1.0344458e+02  -4.5060581e+00   1.0000000e+02
   1.0413995e+02  -5.0775840e+00   1.0000000e+02
   1.0488520e+02  -5.5847986e+00   1.0000000e+02
   1.0564090e+02  -6.0774800e+00   1.0000000e+02
   1.0640480e+02  -6.5585516e+00   1.0000000e+02
   1.0718910e+02  -7.0056593e+00   1.0000000e+02
   1.0801972e+02  -7.3644770e+00   1.0000000e+02
   1.0886373e+02  -7.6921296e+00   1.0000000e+02
   1.0972808e+02  -7.9654044e+00   1.0000000e+02
   1.1059885e+02  -8.2197243e+00   1.0000000e+02
   1.1148388e+02  -8.4214584e+00   1.0000000e+02
   1.1237510e+02  -8.5976434e+00   1.0000000e+02
   1.1327150e+02  -8.7463129e+00   1.0000000e+02
   1.1417672e+02  -8.8336940e+00   1.0000000e+02
   1.1508351e+02  -8.9057455e+00   1.0000000e+02
   1.1599211e+02  -8.9527564e+00   1.0000000e+02
   1.1690160e+02  -8.9815021e+00   1.0000000e+02
   1.1781076e+02  -8.9566024e+00   1.0000000e+02
   1.1871834e+02  -8.8936127e+00   1.0000000e+02
   1.1962384e+02  -8.8076120e+00   1.0000000e+02
   1.2053158e+02  -8.7610329e+00   1.0000000e+02
   1.2144090e+02  -8.7463894e+00   1.0000000e+02
   1.2234807e+02  -8.6893499e+00   1.0000000e+02
   1.2325254e+02  -8.5981108e+00   1.0000000e+02
   1.2414931e+02  -8.4553422e+00   1.0000000e+02
   1.2503880e+02  -8.2724009e+00   1.0000000e+02
   1.2592413e+02  -8.0725574e+00   1.0000000e+02
   1.2680612e+02  -7.8605513e+00   1.0000000e+02
   1.2768240e+02  -7.6284191e+00   1.0000000e+02
   1.2854283e+02  -7.3460164e+00   1.0000000e+02
   1.2932643e+02  -6.9116126e+00   1.0000000e+02
   1.2974890e+02  -6.1476981e+00   1.0000000e+02
   1.2962858e+02  -5.2805630e+00   1.0000000e+02
   1.2907211e+02  -4.5873172e+00   1.0000000e+02
   1.2828409e+02  -4.1532346e+00   1.0000000e+02
   1.2743300e+02  -3.8590000e+00   1.0000000e+02
   9.4339000e+01   1.2685000e+01   1.5000000e+02
   9.4132385e+01   1.1846636e+01   1.5000000e+02
   9.4094000e+01   1.0984407e+01   1.5000000e+02
   9.4136130e+01   1.0122868e+01   1.5000000e+02
   9.4273164e+01   9.2726141e+00   1.5000000e+02
   9.4565532e+01   8.4593088e+00   1.5000000e+02
   9.4899355e+01   7.6619032e+00   1.5000000e+02
   9.5288609e+01   6.8901083e+00   1.5000000e+02
   9.5679975e+01   6.1195785e+00   1.5000000e+02
   9.6126685e+01   5.3837672e+00   1.5000000e+02
   9.6690319e+01   4.7283992e+00   1.5000000e+02
   9.7332985e+01   4.1500129e+00   1.5000000e+02
   9.8009322e+01   3.6120871e+00   1.5000000e+02
   9.8641929e+01   3.0291075e+00   1.5000000e+02
   9.9130503e+01   2.3189333e+00   1.5000000e+02
   9.9485386e+01   1.5326158e+00   1.5000000e+02
   9.9854219e+01   7.5623214e-01   1.5000000e+02
   1.0034226e+02   4.4233291e-02   1.5000000e+02
   1.0082736e+02  -6.6958234e-01   1.5000000e+02
   1.0129758e+02  -1.3933587e+00   1.5000000e+02
   1.0180279e+02  -2.0934975e+00   1.5000000e+02
   1.0233179e+02  -2.7760215e+00   1.5000000e+02
   1.0280075e+02  -3.4991790e+00   1.5000000e+02
   1.0324454e+02  -4.2398086e+00   1.5000000e+02
   1.0386558e+02  -4.8378870e+00   1.5000000e+02
   1.0458487e+02  -5.3188676e+00   1.5000000e+02
   1.0535457e+02  -5.7135680e+00   1.5000000e+02
   1.0614531e+02  -6.0689420e+00   1.5000000e+02
   1.0692148e+02  -6.4558463e+00   1.5000000e+02
   1.0768655e+02  -6.8653672e+00   1.5000000e+02
   1.0849981e+02  -7.1673035e+00   1.5000000e+02
   1.0933474e+02  -7.4101585e+00   1.5000000e+02
   1.1018707e+02  -7.5863948e+00   1.5000000e+02
   1.1104270e+02  -7.7480603e+00   1.5000000e+02
   1.1190033e+02  -7.9007051e+00   1.5000000e+02
   1.1275952e+02  -8.0462391e+00   1.5000000e+02
   1.1362240e+02  -8.1700619e+00   1.5000000e+02
   1.1448768e+02  -8.2786528e+00   1.5000000e+02
   1.1535635e+02  -8.3584916e+00   1.5000000e+02
   1.1622635e+02  -8.4241491e+00   1.5000000e+02
   1.1709847e+02  -8.4554771e+00   1.5000000e+02
   1.1797093e+02  -8.4778874e+00   1.5000000e+02
   1.1884368e+02  -8.4800000e+00   1.5000000e+02
   1.1971639e+02  -8.4696421e+00   1.5000000e+02
   1.2058816e+02  -8.4311404e+00   1.5000000e+02
   1.2145924e+02  -8.3798002e+00   1.5000000e+02
   1.2233041e+02  -8.3323530e+00   1.5000000e+02
   1.2320133e+02  -8.2820970e+00   1.5000000e+02
   1.2406970e+02  -8.2053611e+00   1.5000000e+02
   1.2492976e+02  -8.0629274e+00   1.5000000e+02
   1.2578690e+02  -7.9058370e+00   1.5000000e+02
   1.2664042e+02  -7.7321929e+00   1.5000000e+02
   1.2748880e+02  -7.5370490e+00   1.5000000e+02
   1.2831847e+02  -7.2787338e+00   1.5000000e+02
   1.2909028e+02  -6.8908372e+00   1.5000000e+02
   1.2958000e+02  -6.2034875e+00   1.5000000e+02
   1.2949909e+02  -5.3654625e+00   1.5000000e+02
   1.2898551e+02  -4.6813967e+00   1.5000000e+02
   1.2824790e+02  -4.2449071e+00   1.5000000e+02
   1.2743300e+02  -3.9550000e+00   1.5000000e+02
   9.4238000e+01   1.2492000e+01   2.0000000e+02
   9.4122333e+01   1.1654301e+01   2.0000000e+02
   9.4135344e+01   1.0807595e+01   2.0000000e+02
   9.4203803e+01   9.9636285e+00   2.0000000e+02
   9.4396667e+01   9.1383891e+00   2.0000000e+02
   9.4660912e+01   8.3339302e+00   2.0000000e+02
   9.4996059e+01   7.5547784e+00   2.0000000e+02
   9.5384408e+01   6.8006244e+00   2.0000000e+02
   9.5821202e+01   6.0739239e+00   2.0000000e+02
   9.6322912e+01   5.3912769e+00   2.0000000e+02
   9.6932868e+01   4.8014048e+00   2.0000000e+02
   9.7616909e+01   4.3004397e+00   2.0000000e+02
   9.8309072e+01   3.8100616e+00   2.0000000e+02
   9.8953111e+01   3.2609035e+00   2.0000000e+02
   9.9379720e+01   2.5300481e+00   2.0000000e+02
   9.9740481e+01   1.7636386e+00   2.0000000e+02
   1.0012517e+02   1.0094760e+00   2.0000000e+02
   1.0054977e+02   2.7676793e-01   2.0000000e+02
   1.0100586e+02  -4.3689516e-01   2.0000000e+02
   1.0149324e+02  -1.1291391e+00   2.0000000e+02
   1.0201552e+02  -1.7960511e+00   2.0000000e+02
   1.0253961e+02  -2.4616911e+00   2.0000000e+02
   1.0307268e+02  -3.1203451e+00   2.0000000e+02
   1.0367717e+02  -3.7128779e+00   2.0000000e+02
   1.0432206e+02  -4.2635444e+00   2.0000000e+02
   1.0501022e+02  -4.7602047e+00   2.0000000e+02
   1.0572592e+02  -5.2159414e+00   2.0000000e+02
   1.0647630e+02  -5.6150041e+00   2.0000000e+02
   1.0723828e+02  -5.9927123e+00   2.0000000e+02
   1.0802533e+02  -6.3161441e+00   2.0000000e+02
   1.0882326e+02  -6.6140197e+00   2.0000000e+02
   1.0964181e+02  -6.8497632e+00   2.0000000e+02
   1.1047014e+02  -7.0529155e+00   2.0000000e+02
   1.1130197e+02  -7.2429470e+00   2.0000000e+02
   1.1213650e+02  -7.4225522e+00   2.0000000e+02
   1.1297591e+02  -7.5797170e+00   2.0000000e+02
   1.1381786e+02  -7.7247682e+00   2.0000000e+02
   1.1466210e+02  -7.8578970e+00   2.0000000e+02
   1.1551055e+02  -7.9592101e+00   2.0000000e+02
   1.1636427e+02  -8.0100584e+00   2.0000000e+02
   1.1721862e+02  -8.0513387e+00   2.0000000e+02
   1.1807333e+02  -8.0861060e+00   2.0000000e+02
   1.1892830e+02  -8.1164533e+00   2.0000000e+02
   1.1978353e+02  -8.1397901e+00   2.0000000e+02
   1.2063913e+02  -8.1410000e+00   2.0000000e+02
   1.2149441e+02  -8.1236490e+00   2.0000000e+02
   1.2234902e+02  -8.0846282e+00   2.0000000e+02
   1.2320290e+02  -8.0342380e+00   2.0000000e+02
   1.2405500e+02  -7.9611816e+00   2.0000000e+02
   1.2490526e+02  -7.8720687e+00   2.0000000e+02
   1.2575066e+02  -7.7461740e+00   2.0000000e+02
   1.2659113e+02  -7.5939003e+00   2.0000000e+02
   1.2742169e+02  -7.3958278e+00   2.0000000e+02
   1.2824260e+02  -7.1635188e+00   2.0000000e+02
   1.2900228e+02  -6.7956005e+00   2.0000000e+02
   1.2945456e+02  -6.0983569e+00   2.0000000e+02
   1.2935457e+02  -5.2738980e+00   2.0000000e+02
   1.2881463e+02  -4.6321481e+00   2.0000000e+02
   1.2805239e+02  -4.2609577e+00   2.0000000e+02
   1.2723100e+02  -4.0510000e+00   2.0000000e+02
   9.4137000e+01   1.0949000e+01   2.5000000e+02
   9.4193336e+01   1.0144676e+01   2.5000000e+02
   9.4334960e+01   9.3522863e+00   2.5000000e+02
   9.4568963e+01   8.5799295e+00   2.5000000e+02
   9.4894511e+01   7.8430510e+00   2.5000000e+02
   9.5297391e+01   7.1426590e+00   2.5000000e+02
   9.5748718e+01   6.4723941e+00   2.5000000e+02
   9.6257886e+01   5.8456551e+00   2.5000000e+02
   9.6806410e+01   5.2523507e+00   2.5000000e+02
   9.7417465e+01   4.7238140e+00   2.5000000e+02
   9.8055174e+01   4.2278955e+00   2.5000000e+02
   9.8692230e+01   3.7316157e+00   2.5000000e+02
   9.9254621e+01   3.1619195e+00   2.5000000e+02
   9.9644822e+01   2.4562707e+00   2.5000000e+02
   1.0002273e+02   1.7438684e+00   2.5000000e+02
   1.0041503e+02   1.0393132e+00   2.5000000e+02
   1.0081438e+02   3.3878884e-01   2.5000000e+02
   1.0122551e+02  -3.5486374e-01   2.5000000e+02
   1.0169566e+02  -1.0095099e+00   2.5000000e+02
   1.0218559e+02  -1.6500520e+00   2.5000000e+02
   1.0268248e+02  -2.2853375e+00   2.5000000e+02
   1.0319641e+02  -2.9069583e+00   2.5000000e+02
   1.0375094e+02  -3.4920403e+00   2.5000000e+02
   1.0437624e+02  -4.0027261e+00   2.5000000e+02
   1.0503055e+02  -4.4763833e+00   2.5000000e+02
   1.0569945e+02  -4.9299657e+00   2.5000000e+02
   1.0640333e+02  -5.3268901e+00   2.5000000e+02
   1.0712548e+02  -5.6922447e+00   2.5000000e+02
   1.0785149e+02  -6.0508742e+00   2.5000000e+02
   1.0858961e+02  -6.3843911e+00   2.5000000e+02
   1.0934890e+02  -6.6690646e+00   2.5000000e+02
   1.1013459e+02  -6.8700920e+00   2.5000000e+02
   1.1092873e+02  -7.0397459e+00   2.5000000e+02
   1.1172460e+02  -7.2025665e+00   2.5000000e+02
   1.1252309e+02  -7.3534633e+00   2.5000000e+02
   1.1332545e+02  -7.4843375e+00   2.5000000e+02
   1.1412990e+02  -7.6032592e+00   2.5000000e+02
   1.1493689e+02  -7.7057366e+00   2.5000000e+02
   1.1574569e+02  -7.7939096e+00   2.5000000e+02
   1.1655791e+02  -7.8459494e+00   2.5000000e+02
   1.1737072e+02  -7.8894419e+00   2.5000000e+02
   1.1818421e+02  -7.9193497e+00   2.5000000e+02
   1.1899811e+02  -7.9390370e+00   2.5000000e+02
   1.1981216e+02  -7.9517883e+00   2.5000000e+02
   1.2062634e+02  -7.9530000e+00   2.5000000e+02
   1.2144051e+02  -7.9500000e+00   2.5000000e+02
   1.2225436e+02  -7.9283742e+00   2.5000000e+02
   1.2306765e+02  -7.8936087e+00   2.5000000e+02
   1.2387925e+02  -7.8318973e+00   2.5000000e+02
   1.2468787e+02  -7.7426660e+00   2.5000000e+02
   1.2549248e+02  -7.6229259e+00   2.5000000e+02
   1.2629291e+02  -7.4800186e+00   2.5000000e+02
   1.2708693e+02  -7.3064637e+00   2.5000000e+02
   1.2786936e+02  -7.0906259e+00   2.5000000e+02
   1.2860934e+02  -6.7629782e+00   2.5000000e+02
   1.2916086e+02  -6.1827426e+00   2.5000000e+02
   1.2912877e+02  -5.4043730e+00   2.5000000e+02
   1.2863829e+02  -4.7725979e+00   2.5000000e+02
   1.2794272e+02  -4.3665768e+00   2.5000000e+02
   1.2718000e+02  -4.1000000e+00   2.5000000e+02
   9.9333000e+01   3.3280000e+00   3.0000000e+02
   9.9624423e+01   2.7734886e+00   3.0000000e+02
   9.9918986e+01   2.2207088e+00   3.0000000e+02
   1.0021907e+02   1.6709732e+00   3.0000000e+02
   1.0052348e+02   1.1236558e+00   3.0000000e+02
   1.0083070e+02   5.7794248e-01   3.0000000e+02
   1.0114424e+02   3.5856919e-02   3.0000000e+02
   1.0147807e+02  -4.9343413e-01   3.0000000e+02
   1.0185366e+02  -9.9454372e-01   3.0000000e+02
   1.0224269e+02  -1.4852598e+00   3.0000000e+02
   1.0265155e+02  -1.9597482e+00   3.0000000e+02
   1.0306961e+02  -2.4262751e+00   3.0000000e+02
   1.0350784e+02  -2.8735057e+00   3.0000000e+02
   1.0397419e+02  -3.2921929e+00   3.0000000e+02
   1.0445235e+02  -3.6974810e+00   3.0000000e+02
   1.0494454e+02  -4.0861059e+00   3.0000000e+02
   1.0544433e+02  -4.4652487e+00   3.0000000e+02
   1.0596118e+02  -4.8207354e+00   3.0000000e+02
   1.0649770e+02  -5.1470174e+00   3.0000000e+02
   1.0705841e+02  -5.4289997e+00   3.0000000e+02
   1.0763616e+02  -5.6769906e+00   3.0000000e+02
   1.0821480e+02  -5.9235075e+00   3.0000000e+02
   1.0879555e+02  -6.1656624e+00   3.0000000e+02
   1.0938094e+02  -6.3971029e+00   3.0000000e+02
   1.0998356e+02  -6.5794136e+00   3.0000000e+02
   1.1059720e+02  -6.7221119e+00   3.0000000e+02
   1.1121619e+02  -6.8419265e+00   3.0000000e+02
   1.1183692e+02  -6.9533049e+00   3.0000000e+02
   1.1245909e+02  -7.0573945e+00   3.0000000e+02
   1.1308214e+02  -7.1569748e+00   3.0000000e+02
   1.1370774e+02  -7.2392457e+00   3.0000000e+02
   1.1433583e+02  -7.3023806e+00   3.0000000e+02
   1.1496446e+02  -7.3609510e+00   3.0000000e+02
   1.1559361e+02  -7.4146169e+00   3.0000000e+02
   1.1622326e+02  -7.4631017e+00   3.0000000e+02
   1.1685315e+02  -7.5093741e+00   3.0000000e+02
   1.1748338e+02  -7.5517443e+00   3.0000000e+02
   1.1811465e+02  -7.5753479e+00   3.0000000e+02
   1.1874607e+02  -7.5962269e+00   3.0000000e+02
   1.1937760e+02  -7.6138092e+00   3.0000000e+02
   1.2000925e+02  -7.6280028e+00   3.0000000e+02
   1.2064100e+02  -7.6380899e+00   3.0000000e+02
   1.2127280e+02  -7.6461866e+00   3.0000000e+02
   1.2190463e+02  -7.6512737e+00   3.0000000e+02
   1.2253643e+02  -7.6476618e+00   3.0000000e+02
   1.2316813e+02  -7.6338497e+00   3.0000000e+02
   1.2379965e+02  -7.6147116e+00   3.0000000e+02
   1.2443034e+02  -7.5782132e+00   3.0000000e+02
   1.2506025e+02  -7.5309330e+00   3.0000000e+02
   1.2568749e+02  -7.4599671e+00   3.0000000e+02
   1.2630966e+02  -7.3528433e+00   3.0000000e+02
   1.2692518e+02  -7.2154173e+00   3.0000000e+02
   1.2752563e+02  -7.0229500e+00   3.0000000e+02
   1.2809040e+02  -6.7468050e+00   3.0000000e+02
   1.2853455e+02  -6.3166152e+00   3.0000000e+02
   1.2870716e+02  -5.7224854e+00   3.0000000e+02
   1.2848260e+02  -5.1508498e+00   3.0000000e+02
   1.2800803e+02  -4.7542707e+00   3.0000000e+02
   1.2743229e+02  -4.5074026e+00   3.0000000e+02
   1.2682700e+02  -4.3410000e+00   3.0000000e+02
   1.0145200e+02  -4.3400000e-01   3.5000000e+02
   1.0180395e+02  -8.4586922e-01   3.5000000e+02
   1.0216096e+02  -1.2533821e+00   3.5000000e+02
   1.0252296e+02  -1.6565376e+00   3.5000000e+02
   1.0289077e+02  -2.0544616e+00   3.5000000e+02
   1.0326367e+02  -2.4477206e+00   3.5000000e+02
   1.0365404e+02  -2.8233976e+00   3.5000000e+02
   1.0405862e+02  -3.1842935e+00   3.5000000e+02
   1.0446856e+02  -3.5392752e+00   3.5000000e+02
   1.0488379e+02  -3.8882635e+00   3.5000000e+02
   1.0531541e+02  -4.2164702e+00   3.5000000e+02
   1.0576421e+02  -4.5218045e+00   3.5000000e+02
   1.0621868e+02  -4.8189452e+00   3.5000000e+02
   1.0668128e+02  -5.1033142e+00   3.5000000e+02
   1.0716589e+02  -5.3494472e+00   3.5000000e+02
   1.0765515e+02  -5.5866934e+00   3.5000000e+02
   1.0814812e+02  -5.8166061e+00   3.5000000e+02
   1.0865114e+02  -6.0240778e+00   3.5000000e+02
   1.0915936e+02  -6.2193543e+00   3.5000000e+02
   1.0967112e+02  -6.4057573e+00   3.5000000e+02
   1.1019032e+02  -6.5693304e+00   3.5000000e+02
   1.1072267e+02  -6.6870476e+00   3.5000000e+02
   1.1125704e+02  -6.7959854e+00   3.5000000e+02
   1.1179303e+02  -6.8974016e+00   3.5000000e+02
   1.1233040e+02  -6.9919499e+00   3.5000000e+02
   1.1287096e+02  -7.0666574e+00   3.5000000e+02
   1.1341270e+02  -7.1336143e+00   3.5000000e+02
   1.1395510e+02  -7.1957755e+00   3.5000000e+02
   1.1449793e+02  -7.2547910e+00   3.5000000e+02
   1.1504107e+02  -7.3116140e+00   3.5000000e+02
   1.1558521e+02  -7.3587663e+00   3.5000000e+02
   1.1612973e+02  -7.4021602e+00   3.5000000e+02
   1.1667450e+02  -7.4429206e+00   3.5000000e+02
   1.1721951e+02  -7.4811487e+00   3.5000000e+02
   1.1776520e+02  -7.5079732e+00   3.5000000e+02
   1.1831139e+02  -7.5241198e+00   3.5000000e+02
   1.1885772e+02  -7.5362604e+00   3.5000000e+02
   1.1940408e+02  -7.5471898e+00   3.5000000e+02
   1.1995051e+02  -7.5552612e+00   3.5000000e+02
   1.2049699e+02  -7.5540000e+00   3.5000000e+02
   1.2104345e+02  -7.5496324e+00   3.5000000e+02
   1.2158990e+02  -7.5435789e+00   3.5000000e+02
   1.2213628e+02  -7.5340605e+00   3.5000000e+02
   1.2268258e+02  -7.5209544e+00   3.5000000e+02
   1.2322875e+02  -7.5042749e+00   3.5000000e+02
   1.2377479e+02  -7.4841404e+00   3.5000000e+02
   1.2431965e+02  -7.4448366e+00   3.5000000e+02
   1.2486368e+02  -7.3952461e+00   3.5000000e+02
   1.2540665e+02  -7.3360441e+00   3.5000000e+02
   1.2594829e+02  -7.2664804e+00   3.5000000e+02
   1.2648196e+02  -7.1539133e+00   3.5000000e+02
   1.2700704e+02  -7.0059996e+00   3.5000000e+02
   1.2750725e+02  -6.7956041e+00   3.5000000e+02
   1.2795049e+02  -6.4807646e+00   3.5000000e+02
   1.2825972e+02  -6.0421548e+00   3.5000000e+02
   1.2823764e+02  -5.5114203e+00   3.5000000e+02
   1.2786488e+02  -5.1292515e+00   3.5000000e+02
   1.2738887e+02  -4.8692706e+00   3.5000000e+02
   1.2688768e+02  -4.6598710e+00   3.5000000e+02
   1.2637300e+02  -4.4860000e+00   3.5000000e+02
   1.0442800e+02  -3.4240000e+00   4.0000000e+02
   1.0478839e+02  -3.7106597e+00   4.0000000e+02
   1.0515415e+02  -3.9906073e+00   4.0000000e+02
   1.0552503e+02  -4.2639242e+00   4.0000000e+02
   1.0590080e+02  -4.5307191e+00   4.0000000e+02
   1.0629476e+02  -4.7694095e+00   4.0000000e+02
   1.0669911e+02  -4.9912786e+00   4.0000000e+02
   1.0710740e+02  -5.2061291e+00   4.0000000e+02
   1.0751878e+02  -5.4153105e+00   4.0000000e+02
   1.0793674e+02  -5.6109894e+00   4.0000000e+02
   1.0836548e+02  -5.7828683e+00   4.0000000e+02
   1.0879655e+02  -5.9491852e+00   4.0000000e+02
   1.0923031e+02  -6.1088120e+00   4.0000000e+02
   1.0966652e+02  -6.2620611e+00   4.0000000e+02
   1.1010619e+02  -6.4049651e+00   4.0000000e+02
   1.1055702e+02  -6.5092370e+00   4.0000000e+02
   1.1100924e+02  -6.6077707e+00   4.0000000e+02
   1.1146273e+02  -6.7007870e+00   4.0000000e+02
   1.1191759e+02  -6.7874082e+00   4.0000000e+02
   1.1237359e+02  -6.8683775e+00   4.0000000e+02
   1.1283286e+02  -6.9272129e+00   4.0000000e+02
   1.1329420e+02  -6.9700181e+00   4.0000000e+02
   1.1375589e+02  -7.0093661e+00   4.0000000e+02
   1.1421791e+02  -7.0452435e+00   4.0000000e+02
   1.1468015e+02  -7.0785831e+00   4.0000000e+02
   1.1514305e+02  -7.1016575e+00   4.0000000e+02
   1.1560602e+02  -7.1238517e+00   4.0000000e+02
   1.1606911e+02  -7.1440505e+00   4.0000000e+02
   1.1653226e+02  -7.1632391e+00   4.0000000e+02
   1.1699541e+02  -7.1828209e+00   4.0000000e+02
   1.1745854e+02  -7.2032524e+00   4.0000000e+02
   1.1792164e+02  -7.2249397e+00   4.0000000e+02
   1.1838472e+02  -7.2474766e+00   4.0000000e+02
   1.1884793e+02  -7.2680634e+00   4.0000000e+02
   1.1931115e+02  -7.2886067e+00   4.0000000e+02
   1.1977447e+02  -7.3071544e+00   4.0000000e+02
   1.2023809e+02  -7.3157539e+00   4.0000000e+02
   1.2070178e+02  -7.3219750e+00   4.0000000e+02
   1.2116549e+02  -7.3262077e+00   4.0000000e+02
   1.2162921e+02  -7.3294293e+00   4.0000000e+02
   1.2209294e+02  -7.3310000e+00   4.0000000e+02
   1.2255667e+02  -7.3291925e+00   4.0000000e+02
   1.2302039e+02  -7.3260401e+00   4.0000000e+02
   1.2348406e+02  -7.3188771e+00   4.0000000e+02
   1.2394766e+02  -7.3084298e+00   4.0000000e+02
   1.2441033e+02  -7.2797494e+00   4.0000000e+02
   1.2487208e+02  -7.2380258e+00   4.0000000e+02
   1.2533319e+02  -7.1902952e+00   4.0000000e+02
   1.2579224e+02  -7.1270973e+00   4.0000000e+02
   1.2624768e+02  -7.0418930e+00   4.0000000e+02
   1.2669955e+02  -6.9401218e+00   4.0000000e+02
   1.2714527e+02  -6.8149535e+00   4.0000000e+02
   1.2755412e+02  -6.6005112e+00   4.0000000e+02
   1.2785495e+02  -6.2592004e+00   4.0000000e+02
   1.2789305e+02  -5.8161047e+00   4.0000000e+02
   1.2764404e+02  -5.4398981e+00   4.0000000e+02
   1.2726999e+02  -5.1731373e+00   4.0000000e+02
   1.2686386e+02  -4.9544320e+00   4.0000000e+02
   1.2644475e+02  -4.7617858e+00   4.0000000e+02
   1.2602000e+02  -4.5820000e+00   4.0000000e+02
   1.0614400e+02  -4.5820000e+00   4.5000000e+02
   1.0650784e+02  -4.7661089e+00   4.5000000e+02
   1.0687390e+02  -4.9459768e+00   4.5000000e+02
   1.0724223e+02  -5.1214069e+00   4.5000000e+02
   1.0761263e+02  -5.2926436e+00   4.5000000e+02
   1.0798489e+02  -5.4600075e+00   4.5000000e+02
   1.0836736e+02  -5.6030953e+00   4.5000000e+02
   1.0875141e+02  -5.7421608e+00   4.5000000e+02
   1.0913681e+02  -5.8776993e+00   4.5000000e+02
   1.0952401e+02  -6.0083973e+00   4.5000000e+02
   1.0991548e+02  -6.1257005e+00   4.5000000e+02
   1.1031049e+02  -6.2313899e+00   4.5000000e+02
   1.1070675e+02  -6.3326320e+00   4.5000000e+02
   1.1110421e+02  -6.4294032e+00   4.5000000e+02
   1.1150373e+02  -6.5171225e+00   4.5000000e+02
   1.1190901e+02  -6.5743274e+00   4.5000000e+02
   1.1231498e+02  -6.6268712e+00   4.5000000e+02
   1.1272146e+02  -6.6757192e+00   4.5000000e+02
   1.1312836e+02  -6.7212445e+00   4.5000000e+02
   1.1353581e+02  -6.7619825e+00   4.5000000e+02
   1.1394387e+02  -6.7965220e+00   4.5000000e+02
   1.1435206e+02  -6.8299488e+00   4.5000000e+02
   1.1476047e+02  -6.8609922e+00   4.5000000e+02
   1.1516893e+02  -6.8917481e+00   4.5000000e+02
   1.1557752e+02  -6.9210296e+00   4.5000000e+02
   1.1598648e+02  -6.9451618e+00   4.5000000e+02
   1.1639564e+02  -6.9659840e+00   4.5000000e+02
   1.1680480e+02  -6.9872576e+00   4.5000000e+02
   1.1721402e+02  -7.0074955e+00   4.5000000e+02
   1.1762328e+02  -7.0274602e+00   4.5000000e+02
   1.1803258e+02  -7.0470479e+00   4.5000000e+02
   1.1844184e+02  -7.0676249e+00   4.5000000e+02
   1.1885112e+02  -7.0882327e+00   4.5000000e+02
   1.1926046e+02  -7.1081054e+00   4.5000000e+02
   1.1966983e+02  -7.1274925e+00   4.5000000e+02
   1.2007927e+02  -7.1461485e+00   4.5000000e+02
   1.2048882e+02  -7.1621868e+00   4.5000000e+02
   1.2089866e+02  -7.1677603e+00   4.5000000e+02
   1.2130853e+02  -7.1720000e+00   4.5000000e+02
   1.2171842e+02  -7.1740000e+00   4.5000000e+02
   1.2212831e+02  -7.1745188e+00   4.5000000e+02
   1.2253820e+02  -7.1729422e+00   4.5000000e+02
   1.2294805e+02  -7.1681108e+00   4.5000000e+02
   1.2335765e+02  -7.1530161e+00   4.5000000e+02
   1.2376713e+02  -7.1355333e+00   4.5000000e+02
   1.2417639e+02  -7.1135917e+00   4.5000000e+02
   1.2458536e+02  -7.0874298e+00   4.5000000e+02
   1.2499402e+02  -7.0570434e+00   4.5000000e+02
   1.2540065e+02  -7.0075449e+00   4.5000000e+02
   1.2580514e+02  -6.9428408e+00   4.5000000e+02
   1.2620678e+02  -6.8630036e+00   4.5000000e+02
   1.2660370e+02  -6.7628407e+00   4.5000000e+02
   1.2697281e+02  -6.5887455e+00   4.5000000e+02
   1.2720769e+02  -6.2755661e+00   4.5000000e+02
   1.2714112e+02  -5.8879678e+00   4.5000000e+02
   1.2689762e+02  -5.5640019e+00   4.5000000e+02
   1.2659186e+02  -5.2962064e+00   4.5000000e+02
   1.2625089e+02  -5.0724787e+00   4.5000000e+02
   1.2590725e+02  -4.8529986e+00   4.5000000e+02
   1.2556600e+02  -4.6300000e+00   4.5000000e+02
   1.0669800e+02  -4.6780000e+00   5.0000000e+02
   1.0703505e+02  -4.8293270e+00   5.0000000e+02
   1.0737381e+02  -4.9769934e+00   5.0000000e+02
   1.0771420e+02  -5.1210686e+00   5.0000000e+02
   1.0805789e+02  -5.2570116e+00   5.0000000e+02
   1.0840778e+02  -5.3768072e+00   5.0000000e+02
   1.0875897e+02  -5.4929916e+00   5.0000000e+02
   1.0911123e+02  -5.6061222e+00   5.0000000e+02
   1.0946443e+02  -5.7165330e+00   5.0000000e+02
   1.0982001e+02  -5.8192891e+00   5.0000000e+02
   1.1017677e+02  -5.9181864e+00   5.0000000e+02
   1.1053428e+02  -6.0145555e+00   5.0000000e+02
   1.1089275e+02  -6.1076312e+00   5.0000000e+02
   1.1125490e+02  -6.1849332e+00   5.0000000e+02
   1.1161960e+02  -6.2503222e+00   5.0000000e+02
   1.1198492e+02  -6.3124867e+00   5.0000000e+02
   1.1235083e+02  -6.3713169e+00   5.0000000e+02
   1.1271800e+02  -6.4221050e+00   5.0000000e+02
   1.1308539e+02  -6.4716383e+00   5.0000000e+02
   1.1345309e+02  -6.5190940e+00   5.0000000e+02
   1.1382153e+02  -6.5605024e+00   5.0000000e+02
   1.1419065e+02  -6.5959682e+00   5.0000000e+02
   1.1455999e+02  -6.6294540e+00   5.0000000e+02
   1.1492939e+02  -6.6625769e+00   5.0000000e+02
   1.1529893e+02  -6.6944480e+00   5.0000000e+02
   1.1566865e+02  -6.7244428e+00   5.0000000e+02
   1.1603842e+02  -6.7541127e+00   5.0000000e+02
   1.1640831e+02  -6.7824695e+00   5.0000000e+02
   1.1677829e+02  -6.8099165e+00   5.0000000e+02
   1.1714830e+02  -6.8373156e+00   5.0000000e+02
   1.1751847e+02  -6.8627566e+00   5.0000000e+02
   1.1788893e+02  -6.8835303e+00   5.0000000e+02
   1.1825970e+02  -6.8987901e+00   5.0000000e+02
   1.1863052e+02  -6.9131635e+00   5.0000000e+02
   1.1900136e+02  -6.9270606e+00   5.0000000e+02
   1.1937222e+02  -6.9409288e+00   5.0000000e+02
   1.1974311e+02  -6.9543036e+00   5.0000000e+02
   1.2011387e+02  -6.9711778e+00   5.0000000e+02
   1.2048464e+02  -6.9879876e+00   5.0000000e+02
   1.2085544e+02  -7.0044571e+00   5.0000000e+02
   1.2122627e+02  -7.0205986e+00   5.0000000e+02
   1.2159716e+02  -7.0355386e+00   5.0000000e+02
   1.2196822e+02  -7.0458739e+00   5.0000000e+02
   1.2233932e+02  -7.0548072e+00   5.0000000e+02
   1.2271048e+02  -7.0615165e+00   5.0000000e+02
   1.2308169e+02  -7.0656299e+00   5.0000000e+02
   1.2345279e+02  -7.0597077e+00   5.0000000e+02
   1.2382358e+02  -7.0423268e+00   5.0000000e+02
   1.2419398e+02  -7.0182802e+00   5.0000000e+02
   1.2456373e+02  -6.9861217e+00   5.0000000e+02
   1.2493051e+02  -6.9320984e+00   5.0000000e+02
   1.2529186e+02  -6.8485582e+00   5.0000000e+02
   1.2564039e+02  -6.7268824e+00   5.0000000e+02
   1.2594002e+02  -6.5102078e+00   5.0000000e+02
   1.2617740e+02  -6.2297296e+00   5.0000000e+02
   1.2621428e+02  -5.8813288e+00   5.0000000e+02
   1.2603158e+02  -5.5648075e+00   5.0000000e+02
   1.2578106e+02  -5.2939029e+00   5.0000000e+02
   1.2550469e+02  -5.0493580e+00   5.0000000e+02
   1.2521300e+02  -4.8230000e+00   5.0000000e+02
   1.0705200e+02  -4.5820000e+00   5.5000000e+02
   1.0736431e+02  -4.7392247e+00   5.5000000e+02
   1.0767957e+02  -4.8906376e+00   5.5000000e+02
   1.0799839e+02  -5.0346182e+00   5.5000000e+02
   1.0832530e+02  -5.1583449e+00   5.5000000e+02
   1.0866060e+02  -5.2589276e+00   5.5000000e+02
   1.0899745e+02  -5.3544141e+00   5.5000000e+02
   1.0933552e+02  -5.4457286e+00   5.5000000e+02
   1.0967500e+02  -5.5318717e+00   5.5000000e+02
   1.1001576e+02  -5.6130804e+00   5.5000000e+02
   1.1035694e+02  -5.6927081e+00   5.5000000e+02
   1.1069860e+02  -5.7705049e+00   5.5000000e+02
   1.1104069e+02  -5.8465925e+00   5.5000000e+02
   1.1138369e+02  -5.9187327e+00   5.5000000e+02
   1.1172723e+02  -5.9885192e+00   5.5000000e+02
   1.1207165e+02  -6.0539193e+00   5.5000000e+02
   1.1241957e+02  -6.0978213e+00   5.5000000e+02
   1.1276775e+02  -6.1398802e+00   5.5000000e+02
   1.1311628e+02  -6.1791298e+00   5.5000000e+02
   1.1346505e+02  -6.2164994e+00   5.5000000e+02
   1.1381363e+02  -6.2558215e+00   5.5000000e+02
   1.1416222e+02  -6.2953199e+00   5.5000000e+02
   1.1451071e+02  -6.3358079e+00   5.5000000e+02
   1.1485914e+02  -6.3770181e+00   5.5000000e+02
   1.1520758e+02  -6.4184477e+00   5.5000000e+02
   1.1555593e+02  -6.4608660e+00   5.5000000e+02
   1.1590338e+02  -6.5100661e+00   5.5000000e+02
   1.1625030e+02  -6.5631818e+00   5.5000000e+02
   1.1659704e+02  -6.6177253e+00   5.5000000e+02
   1.1694366e+02  -6.6732495e+00   5.5000000e+02
   1.1728986e+02  -6.7313928e+00   5.5000000e+02
   1.1763529e+02  -6.7942602e+00   5.5000000e+02
   1.1798061e+02  -6.8579520e+00   5.5000000e+02
   1.1832618e+02  -6.9205823e+00   5.5000000e+02
   1.1867333e+02  -6.9740228e+00   5.5000000e+02
   1.1902124e+02  -7.0227487e+00   5.5000000e+02
   1.1936956e+02  -7.0687805e+00   5.5000000e+02
   1.1971824e+02  -7.1122632e+00   5.5000000e+02
   1.2006852e+02  -7.1402344e+00   5.5000000e+02
   1.2041933e+02  -7.1614794e+00   5.5000000e+02
   1.2077042e+02  -7.1778728e+00   5.5000000e+02
   1.2112172e+02  -7.1892827e+00   5.5000000e+02
   1.2147288e+02  -7.1865424e+00   5.5000000e+02
   1.2182293e+02  -7.1551079e+00   5.5000000e+02
   1.2217259e+02  -7.1198509e+00   5.5000000e+02
   1.2252168e+02  -7.0797211e+00   5.5000000e+02
   1.2286902e+02  -7.0269148e+00   5.5000000e+02
   1.2321651e+02  -6.9753627e+00   5.5000000e+02
   1.2356499e+02  -6.9320000e+00   5.5000000e+02
   1.2391628e+02  -6.9341510e+00   5.5000000e+02
   1.2426757e+02  -6.9378448e+00   5.5000000e+02
   1.2461865e+02  -6.9264292e+00   5.5000000e+02
   1.2496253e+02  -6.8679680e+00   5.5000000e+02
   1.2526958e+02  -6.6999301e+00   5.5000000e+02
   1.2548971e+02  -6.4359790e+00   5.5000000e+02
   1.2557136e+02  -6.1037750e+00   5.5000000e+02
   1.2548425e+02  -5.7706474e+00   5.5000000e+02
   1.2526057e+02  -5.5027285e+00   5.5000000e+02
   1.2501266e+02  -5.2563735e+00   5.5000000e+02
   1.2475900e+02  -5.0160000e+00   5.5000000e+02
   1.0705200e+02  -4.4860000e+00   6.0000000e+02
   1.0735143e+02  -4.6262320e+00   6.0000000e+02
   1.0765354e+02  -4.7607407e+00   6.0000000e+02
   1.0795782e+02  -4.8904306e+00   6.0000000e+02
   1.0826482e+02  -5.0137581e+00   6.0000000e+02
   1.0858188e+02  -5.1084486e+00   6.0000000e+02
   1.0890081e+02  -5.1971393e+00   6.0000000e+02
   1.0922071e+02  -5.2824058e+00   6.0000000e+02
   1.0954139e+02  -5.3649062e+00   6.0000000e+02
   1.0986265e+02  -5.4453244e+00   6.0000000e+02
   1.1018464e+02  -5.5229166e+00   6.0000000e+02
   1.1050763e+02  -5.5962247e+00   6.0000000e+02
   1.1083342e+02  -5.6565257e+00   6.0000000e+02
   1.1115968e+02  -5.7144848e+00   6.0000000e+02
   1.1148656e+02  -5.7689762e+00   6.0000000e+02
   1.1181579e+02  -5.8072683e+00   6.0000000e+02
   1.1214529e+02  -5.8434029e+00   6.0000000e+02
   1.1247471e+02  -5.8804168e+00   6.0000000e+02
   1.1280331e+02  -5.9237264e+00   6.0000000e+02
   1.1313055e+02  -5.9768088e+00   6.0000000e+02
   1.1345768e+02  -6.0308331e+00   6.0000000e+02
   1.1378467e+02  -6.0857748e+00   6.0000000e+02
   1.1411168e+02  -6.1408412e+00   6.0000000e+02
   1.1443861e+02  -6.1965374e+00   6.0000000e+02
   1.1476525e+02  -6.2541597e+00   6.0000000e+02
   1.1509182e+02  -6.3123233e+00   6.0000000e+02
   1.1541817e+02  -6.3718940e+00   6.0000000e+02
   1.1574275e+02  -6.4401744e+00   6.0000000e+02
   1.1606592e+02  -6.5153303e+00   6.0000000e+02
   1.1638914e+02  -6.5904969e+00   6.0000000e+02
   1.1671246e+02  -6.6654042e+00   6.0000000e+02
   1.1703716e+02  -6.7340737e+00   6.0000000e+02
   1.1736450e+02  -6.7896165e+00   6.0000000e+02
   1.1769230e+02  -6.8426816e+00   6.0000000e+02
   1.1802049e+02  -6.8935691e+00   6.0000000e+02
   1.1834908e+02  -6.9420345e+00   6.0000000e+02
   1.1867815e+02  -6.9873457e+00   6.0000000e+02
   1.1900864e+02  -7.0213388e+00   6.0000000e+02
   1.1933936e+02  -7.0533129e+00   6.0000000e+02
   1.1967037e+02  -7.0824539e+00   6.0000000e+02
   1.2000163e+02  -7.1088444e+00   6.0000000e+02
   1.2033382e+02  -7.1180747e+00   6.0000000e+02
   1.2066612e+02  -7.1235138e+00   6.0000000e+02
   1.2099844e+02  -7.1269713e+00   6.0000000e+02
   1.2133080e+02  -7.1270000e+00   6.0000000e+02
   1.2166313e+02  -7.1245940e+00   6.0000000e+02
   1.2199543e+02  -7.1194682e+00   6.0000000e+02
   1.2232736e+02  -7.1030298e+00   6.0000000e+02
   1.2265906e+02  -7.0829026e+00   6.0000000e+02
   1.2299042e+02  -7.0580007e+00   6.0000000e+02
   1.2332131e+02  -7.0278844e+00   6.0000000e+02
   1.2365026e+02  -6.9822085e+00   6.0000000e+02
   1.2397595e+02  -6.9174375e+00   6.0000000e+02
   1.2429589e+02  -6.8293116e+00   6.0000000e+02
   1.2457729e+02  -6.6579561e+00   6.0000000e+02
   1.2473776e+02  -6.3799693e+00   6.0000000e+02
   1.2476418e+02  -6.0544248e+00   6.0000000e+02
   1.2469351e+02  -5.7327334e+00   6.0000000e+02
   1.2453202e+02  -5.4486052e+00   6.0000000e+02
   1.2430500e+02  -5.2090000e+00   6.0000000e+02
   1.0700100e+02  -4.4370000e+00   6.5000000e+02
   1.0728418e+02  -4.5649820e+00   6.5000000e+02
   1.0756874e+02  -4.6899908e+00   6.5000000e+02
   1.0785503e+02  -4.8111597e+00   6.5000000e+02
   1.0814241e+02  -4.9298352e+00   6.5000000e+02
   1.0843253e+02  -5.0415284e+00   6.5000000e+02
   1.0872894e+02  -5.1359342e+00   6.5000000e+02
   1.0902673e+02  -5.2260736e+00   6.5000000e+02
   1.0932515e+02  -5.3142536e+00   6.5000000e+02
   1.0962480e+02  -5.3983449e+00   6.5000000e+02
   1.0992504e+02  -5.4804298e+00   6.5000000e+02
   1.1022623e+02  -5.5592113e+00   6.5000000e+02
   1.1053156e+02  -5.6202574e+00   6.5000000e+02
   1.1083764e+02  -5.6776858e+00   6.5000000e+02
   1.1114426e+02  -5.7323987e+00   6.5000000e+02
   1.1145145e+02  -5.7840031e+00   6.5000000e+02
   1.1175902e+02  -5.8334340e+00   6.5000000e+02
   1.1206788e+02  -5.8736951e+00   6.5000000e+02
   1.1237812e+02  -5.9026323e+00   6.5000000e+02
   1.1268843e+02  -5.9310370e+00   6.5000000e+02
   1.1299825e+02  -5.9641989e+00   6.5000000e+02
   1.1330720e+02  -6.0049369e+00   6.5000000e+02
   1.1361593e+02  -6.0475580e+00   6.5000000e+02
   1.1392431e+02  -6.0926630e+00   6.5000000e+02
   1.1423092e+02  -6.1487057e+00   6.5000000e+02
   1.1453710e+02  -6.2071592e+00   6.5000000e+02
   1.1484308e+02  -6.2668159e+00   6.5000000e+02
   1.1514870e+02  -6.3284522e+00   6.5000000e+02
   1.1545416e+02  -6.3910335e+00   6.5000000e+02
   1.1575863e+02  -6.4583092e+00   6.5000000e+02
   1.1606228e+02  -6.5294187e+00   6.5000000e+02
   1.1636595e+02  -6.6006347e+00   6.5000000e+02
   1.1666967e+02  -6.6718068e+00   6.5000000e+02
   1.1697368e+02  -6.7419242e+00   6.5000000e+02
   1.1727922e+02  -6.8053376e+00   6.5000000e+02
   1.1758536e+02  -6.8659975e+00   6.5000000e+02
   1.1789200e+02  -6.9243731e+00   6.5000000e+02
   1.1820160e+02  -6.9645756e+00   6.5000000e+02
   1.1851167e+02  -7.0013948e+00   6.5000000e+02
   1.1882202e+02  -7.0360928e+00   6.5000000e+02
   1.1913270e+02  -7.0678675e+00   6.5000000e+02
   1.1944362e+02  -7.0974309e+00   6.5000000e+02
   1.1975494e+02  -7.1228379e+00   6.5000000e+02
   1.2006636e+02  -7.1472527e+00   6.5000000e+02
   1.2037801e+02  -7.1687337e+00   6.5000000e+02
   1.2069003e+02  -7.1835873e+00   6.5000000e+02
   1.2100233e+02  -7.1921303e+00   6.5000000e+02
   1.2131473e+02  -7.1960000e+00   6.5000000e+02
   1.2162714e+02  -7.1943223e+00   6.5000000e+02
   1.2193945e+02  -7.1861586e+00   6.5000000e+02
   1.2224912e+02  -7.1482391e+00   6.5000000e+02
   1.2255622e+02  -7.0917379e+00   6.5000000e+02
   1.2285962e+02  -7.0182902e+00   6.5000000e+02
   1.2315562e+02  -6.9212803e+00   6.5000000e+02
   1.2342411e+02  -6.7636249e+00   6.5000000e+02
   1.2365631e+02  -6.5577348e+00   6.5000000e+02
   1.2374301e+02  -6.2664911e+00   6.5000000e+02
   1.2370919e+02  -5.9613653e+00   6.5000000e+02
   1.2360087e+02  -5.6711006e+00   6.5000000e+02
   1.2344700e+02  -5.4020000e+00   6.5000000e+02
   1.1012900e+02  -5.6430000e+00   7.0000000e+02
   1.1034353e+02  -5.6857248e+00   7.0000000e+02
   1.1055827e+02  -5.7274902e+00   7.0000000e+02
   1.1077287e+02  -5.7700327e+00   7.0000000e+02
   1.1098779e+02  -5.8110197e+00   7.0000000e+02
   1.1120263e+02  -5.8525640e+00   7.0000000e+02
   1.1141764e+02  -5.8932394e+00   7.0000000e+02
   1.1163270e+02  -5.9337043e+00   7.0000000e+02
   1.1184783e+02  -5.9739686e+00   7.0000000e+02
   1.1206296e+02  -6.0142653e+00   7.0000000e+02
   1.1227829e+02  -6.0535981e+00   7.0000000e+02
   1.1249367e+02  -6.0927578e+00   7.0000000e+02
   1.1270920e+02  -6.1311279e+00   7.0000000e+02
   1.1292537e+02  -6.1657868e+00   7.0000000e+02
   1.1314195e+02  -6.1980725e+00   7.0000000e+02
   1.1335841e+02  -6.2311401e+00   7.0000000e+02
   1.1357502e+02  -6.2633367e+00   7.0000000e+02
   1.1379165e+02  -6.2955562e+00   7.0000000e+02
   1.1400843e+02  -6.3267566e+00   7.0000000e+02
   1.1422509e+02  -6.3589108e+00   7.0000000e+02
   1.1444179e+02  -6.3908355e+00   7.0000000e+02
   1.1465859e+02  -6.4222457e+00   7.0000000e+02
   1.1487543e+02  -6.4534265e+00   7.0000000e+02
   1.1509214e+02  -6.4855884e+00   7.0000000e+02
   1.1530900e+02  -6.5167931e+00   7.0000000e+02
   1.1552557e+02  -6.5500281e+00   7.0000000e+02
   1.1574162e+02  -6.5865751e+00   7.0000000e+02
   1.1595783e+02  -6.6222187e+00   7.0000000e+02
   1.1617390e+02  -6.6588041e+00   7.0000000e+02
   1.1639015e+02  -6.6944193e+00   7.0000000e+02
   1.1660639e+02  -6.7302295e+00   7.0000000e+02
   1.1682258e+02  -6.7663944e+00   7.0000000e+02
   1.1703901e+02  -6.8012282e+00   7.0000000e+02
   1.1725551e+02  -6.8356725e+00   7.0000000e+02
   1.1747208e+02  -6.8698773e+00   7.0000000e+02
   1.1768880e+02  -6.9031174e+00   7.0000000e+02
   1.1790563e+02  -6.9357894e+00   7.0000000e+02
   1.1812352e+02  -6.9604333e+00   7.0000000e+02
   1.1834168e+02  -6.9830476e+00   7.0000000e+02
   1.1856003e+02  -7.0037273e+00   7.0000000e+02
   1.1877846e+02  -7.0238125e+00   7.0000000e+02
   1.1899707e+02  -7.0419251e+00   7.0000000e+02
   1.1921577e+02  -7.0589844e+00   7.0000000e+02
   1.1943463e+02  -7.0740363e+00   7.0000000e+02
   1.1965359e+02  -7.0876204e+00   7.0000000e+02
   1.1987274e+02  -7.0981258e+00   7.0000000e+02
   1.2009193e+02  -7.1076339e+00   7.0000000e+02
   1.2031125e+02  -7.1130000e+00   7.0000000e+02
   1.2053065e+02  -7.1114698e+00   7.0000000e+02
   1.2074987e+02  -7.1028712e+00   7.0000000e+02
   1.2096829e+02  -7.0827939e+00   7.0000000e+02
   1.2118492e+02  -7.0488097e+00   7.0000000e+02
   1.2139318e+02  -6.9866275e+00   7.0000000e+02
   1.2157210e+02  -6.8610078e+00   7.0000000e+02
   1.2172974e+02  -6.7101639e+00   7.0000000e+02
   1.2183216e+02  -6.5195962e+00   7.0000000e+02
   1.2188123e+02  -6.3081847e+00   7.0000000e+02
   1.2186765e+02  -6.0918415e+00   7.0000000e+02
   1.2176317e+02  -5.9051698e+00   7.0000000e+02
   1.2158100e+02  -5.7880000e+00   7.0000000e+02
