   1.5411000e+01   3.7217000e+01   0.0000000e+00
   1.5512449e+01   3.7247833e+01   0.0000000e+00
   1.5613517e+01   3.7279535e+01   0.0000000e+00
   1.5714619e+01   3.7311253e+01   0.0000000e+00
   1.5815626e+01   3.7343248e+01   0.0000000e+00
   1.5916241e+01   3.7376099e+01   0.0000000e+00
   1.6016451e+01   3.7409805e+01   0.0000000e+00
   1.6115192e+01   3.7446221e+01   0.0000000e+00
   1.6213635e+01   3.7483229e+01   0.0000000e+00
   1.6311308e+01   3.7521576e+01   0.0000000e+00
   1.6408958e+01   3.7560044e+01   0.0000000e+00
   1.6505749e+01   3.7599926e+01   0.0000000e+00
   1.6602293e+01   3.7640265e+01   0.0000000e+00
   1.6698215e+01   3.7681598e+01   0.0000000e+00
   1.6790036e+01   3.7728397e+01   0.0000000e+00
   1.6879581e+01   3.7778014e+01   0.0000000e+00
   1.6968419e+01   3.7828483e+01   0.0000000e+00
   1.7055025e+01   3.7881380e+01   0.0000000e+00
   1.7134987e+01   3.7939913e+01   0.0000000e+00
   1.7203812e+01   3.8007215e+01   0.0000000e+00
   1.7270227e+01   3.8076048e+01   0.0000000e+00
   1.7333271e+01   3.8146823e+01   0.0000000e+00
   1.7393519e+01   3.8219155e+01   0.0000000e+00
   1.7444471e+01   3.8295485e+01   0.0000000e+00
   1.7487106e+01   3.8375204e+01   0.0000000e+00
   1.7526504e+01   3.8455952e+01   0.0000000e+00
   1.7563159e+01   3.8537506e+01   0.0000000e+00
   1.7597372e+01   3.8619719e+01   0.0000000e+00
   1.7628640e+01   3.8702652e+01   0.0000000e+00
   1.7643126e+01   3.8788286e+01   0.0000000e+00
   1.7653566e+01   3.8874358e+01   0.0000000e+00
   1.7660805e+01   3.8960630e+01   0.0000000e+00
   1.7664954e+01   3.9047026e+01   0.0000000e+00
   1.7665994e+01   3.9133479e+01   0.0000000e+00
   1.7664628e+01   3.9219911e+01   0.0000000e+00
   1.7647580e+01   3.9305351e+01   0.0000000e+00
   1.7627002e+01   3.9390325e+01   0.0000000e+00
   1.7602871e+01   3.9474741e+01   0.0000000e+00
   1.7574954e+01   3.9558462e+01   0.0000000e+00
   1.7532870e+01   3.9637982e+01   0.0000000e+00
   1.7476858e+01   3.9712905e+01   0.0000000e+00
   1.7417770e+01   3.9786459e+01   0.0000000e+00
   1.7356017e+01   3.9858731e+01   0.0000000e+00
   1.7288740e+01   3.9927982e+01   0.0000000e+00
   1.7215994e+01   3.9994046e+01   0.0000000e+00
   1.7141878e+01   4.0059267e+01   0.0000000e+00
   1.7066996e+01   4.0124017e+01   0.0000000e+00
   1.6991072e+01   4.0188108e+01   0.0000000e+00
   1.6914347e+01   4.0251682e+01   0.0000000e+00
   1.6836130e+01   4.0314247e+01   0.0000000e+00
   1.6757767e+01   4.0376759e+01   0.0000000e+00
   1.6679459e+01   4.0439363e+01   0.0000000e+00
   1.6601299e+01   4.0502125e+01   0.0000000e+00
   1.6523496e+01   4.0565198e+01   0.0000000e+00
   1.6447281e+01   4.0629399e+01   0.0000000e+00
   1.6372980e+01   4.0694959e+01   0.0000000e+00
   1.6299542e+01   4.0761119e+01   0.0000000e+00
   1.6226526e+01   4.0827595e+01   0.0000000e+00
   1.6153481e+01   4.0894099e+01   0.0000000e+00
   1.6081000e+01   4.0961000e+01   0.0000000e+00
   1.4456000e+01   3.7427000e+01   5.0000000e+01
   1.4555203e+01   3.7450882e+01   5.0000000e+01
   1.4654138e+01   3.7475534e+01   5.0000000e+01
   1.4752799e+01   3.7500948e+01   5.0000000e+01
   1.4851365e+01   3.7526675e+01   5.0000000e+01
   1.4949937e+01   3.7552469e+01   5.0000000e+01
   1.5048346e+01   3.7578729e+01   5.0000000e+01
   1.5146463e+01   3.7605747e+01   5.0000000e+01
   1.5243976e+01   3.7634152e+01   5.0000000e+01
   1.5340633e+01   3.7664442e+01   5.0000000e+01
   1.5436874e+01   3.7695625e+01   5.0000000e+01
   1.5532752e+01   3.7727584e+01   5.0000000e+01
   1.5628523e+01   3.7759814e+01   5.0000000e+01
   1.5723779e+01   3.7793064e+01   5.0000000e+01
   1.5818514e+01   3.7827299e+01   5.0000000e+01
   1.5911582e+01   3.7864220e+01   5.0000000e+01
   1.5999923e+01   3.7907961e+01   5.0000000e+01
   1.6087734e+01   3.7952413e+01   5.0000000e+01
   1.6173418e+01   3.7999448e+01   5.0000000e+01
   1.6258079e+01   3.8047674e+01   5.0000000e+01
   1.6340842e+01   3.8097960e+01   5.0000000e+01
   1.6421478e+01   3.8150389e+01   5.0000000e+01
   1.6496571e+01   3.8207253e+01   5.0000000e+01
   1.6552458e+01   3.8276863e+01   5.0000000e+01
   1.6604018e+01   3.8348527e+01   5.0000000e+01
   1.6652025e+01   3.8421722e+01   5.0000000e+01
   1.6697114e+01   3.8496053e+01   5.0000000e+01
   1.6738303e+01   3.8571780e+01   5.0000000e+01
   1.6775918e+01   3.8648644e+01   5.0000000e+01
   1.6799370e+01   3.8728277e+01   5.0000000e+01
   1.6808537e+01   3.8810255e+01   5.0000000e+01
   1.6814143e+01   3.8892440e+01   5.0000000e+01
   1.6816792e+01   3.8974708e+01   5.0000000e+01
   1.6815259e+01   3.9056997e+01   5.0000000e+01
   1.6809577e+01   3.9139184e+01   5.0000000e+01
   1.6801279e+01   3.9221240e+01   5.0000000e+01
   1.6788580e+01   3.9302955e+01   5.0000000e+01
   1.6772576e+01   3.9384321e+01   5.0000000e+01
   1.6734689e+01   3.9460710e+01   5.0000000e+01
   1.6688661e+01   3.9534953e+01   5.0000000e+01
   1.6640416e+01   3.9608375e+01   5.0000000e+01
   1.6589244e+01   3.9680626e+01   5.0000000e+01
   1.6536559e+01   3.9752263e+01   5.0000000e+01
   1.6482278e+01   3.9823214e+01   5.0000000e+01
   1.6426386e+01   3.9893452e+01   5.0000000e+01
   1.6369188e+01   3.9963096e+01   5.0000000e+01
   1.6309069e+01   4.0031288e+01   5.0000000e+01
   1.6247304e+01   4.0098668e+01   5.0000000e+01
   1.6184965e+01   4.0165769e+01   5.0000000e+01
   1.6121956e+01   4.0232539e+01   5.0000000e+01
   1.6058322e+01   4.0298992e+01   5.0000000e+01
   1.5993461e+01   4.0364793e+01   5.0000000e+01
   1.5928578e+01   4.0430616e+01   5.0000000e+01
   1.5863237e+01   4.0496205e+01   5.0000000e+01
   1.5795204e+01   4.0560239e+01   5.0000000e+01
   1.5726534e+01   4.0623920e+01   5.0000000e+01
   1.5657266e+01   4.0687268e+01   5.0000000e+01
   1.5587381e+01   4.0750267e+01   5.0000000e+01
   1.5517515e+01   4.0813320e+01   5.0000000e+01
   1.5447000e+01   4.0876000e+01   5.0000000e+01
   1.4583000e+01   3.7659000e+01   1.0000000e+02
   1.4668499e+01   3.7677908e+01   1.0000000e+02
   1.4753751e+01   3.7697554e+01   1.0000000e+02
   1.4838951e+01   3.7717406e+01   1.0000000e+02
   1.4924065e+01   3.7737540e+01   1.0000000e+02
   1.5008821e+01   3.7758626e+01   1.0000000e+02
   1.5092516e+01   3.7782298e+01   1.0000000e+02
   1.5176239e+01   3.7805977e+01   1.0000000e+02
   1.5259438e+01   3.7830830e+01   1.0000000e+02
   1.5342447e+01   3.7856137e+01   1.0000000e+02
   1.5425237e+01   3.7881942e+01   1.0000000e+02
   1.5507585e+01   3.7908663e+01   1.0000000e+02
   1.5589181e+01   3.7936805e+01   1.0000000e+02
   1.5667342e+01   3.7970557e+01   1.0000000e+02
   1.5744645e+01   3.8005566e+01   1.0000000e+02
   1.5820969e+01   3.8041926e+01   1.0000000e+02
   1.5896386e+01   3.8079490e+01   1.0000000e+02
   1.5970489e+01   3.8118671e+01   1.0000000e+02
   1.6043179e+01   3.8159511e+01   1.0000000e+02
   1.6110204e+01   3.8205204e+01   1.0000000e+02
   1.6165211e+01   3.8260611e+01   1.0000000e+02
   1.6218339e+01   3.8317167e+01   1.0000000e+02
   1.6267845e+01   3.8375729e+01   1.0000000e+02
   1.6314898e+01   3.8435534e+01   1.0000000e+02
   1.6359144e+01   3.8496648e+01   1.0000000e+02
   1.6400731e+01   3.8558916e+01   1.0000000e+02
   1.6434789e+01   3.8623438e+01   1.0000000e+02
   1.6452156e+01   3.8692377e+01   1.0000000e+02
   1.6466464e+01   3.8761751e+01   1.0000000e+02
   1.6478226e+01   3.8831418e+01   1.0000000e+02
   1.6486544e+01   3.8901382e+01   1.0000000e+02
   1.6491688e+01   3.8971528e+01   1.0000000e+02
   1.6494276e+01   3.9041760e+01   1.0000000e+02
   1.6494461e+01   3.9112019e+01   1.0000000e+02
   1.6484553e+01   3.9181494e+01   1.0000000e+02
   1.6464025e+01   3.9249926e+01   1.0000000e+02
   1.6440952e+01   3.9317883e+01   1.0000000e+02
   1.6416246e+01   3.9385502e+01   1.0000000e+02
   1.6390031e+01   3.9452788e+01   1.0000000e+02
   1.6361311e+01   3.9519466e+01   1.0000000e+02
   1.6330875e+01   3.9585696e+01   1.0000000e+02
   1.6294501e+01   3.9650047e+01   1.0000000e+02
   1.6254184e+01   3.9713089e+01   1.0000000e+02
   1.6212552e+01   3.9775639e+01   1.0000000e+02
   1.6169967e+01   3.9837826e+01   1.0000000e+02
   1.6126420e+01   3.9899633e+01   1.0000000e+02
   1.6080565e+01   3.9960447e+01   1.0000000e+02
   1.6032506e+01   4.0020295e+01   1.0000000e+02
   1.5984174e+01   4.0080031e+01   1.0000000e+02
   1.5934823e+01   4.0139300e+01   1.0000000e+02
   1.5884869e+01   4.0198293e+01   1.0000000e+02
   1.5833743e+01   4.0256722e+01   1.0000000e+02
   1.5779795e+01   4.0313674e+01   1.0000000e+02
   1.5724701e+01   4.0370013e+01   1.0000000e+02
   1.5668980e+01   4.0426020e+01   1.0000000e+02
   1.5612752e+01   4.0481759e+01   1.0000000e+02
   1.5556021e+01   4.0537230e+01   1.0000000e+02
   1.5497837e+01   4.0591828e+01   1.0000000e+02
   1.5436879e+01   4.0644708e+01   1.0000000e+02
   1.5375000e+01   4.0697000e+01   1.0000000e+02
   1.4474000e+01   3.7921000e+01   1.5000000e+02
   1.4546291e+01   3.7936381e+01   1.5000000e+02
   1.4618596e+01   3.7951765e+01   1.5000000e+02
   1.4690684e+01   3.7967785e+01   1.5000000e+02
   1.4762442e+01   3.7984760e+01   1.5000000e+02
   1.4834218e+01   3.8001740e+01   1.5000000e+02
   1.4905788e+01   3.8019292e+01   1.5000000e+02
   1.4976505e+01   3.8038821e+01   1.5000000e+02
   1.5046440e+01   3.8060138e+01   1.5000000e+02
   1.5116116e+01   3.8082037e+01   1.5000000e+02
   1.5185408e+01   3.8104692e+01   1.5000000e+02
   1.5254313e+01   3.8128113e+01   1.5000000e+02
   1.5322621e+01   3.8152650e+01   1.5000000e+02
   1.5390496e+01   3.8177934e+01   1.5000000e+02
   1.5457933e+01   3.8203974e+01   1.5000000e+02
   1.5519612e+01   3.8237740e+01   1.5000000e+02
   1.5579957e+01   3.8272962e+01   1.5000000e+02
   1.5639141e+01   3.8309420e+01   1.5000000e+02
   1.5697270e+01   3.8346946e+01   1.5000000e+02
   1.5753707e+01   3.8386059e+01   1.5000000e+02
   1.5808141e+01   3.8426862e+01   1.5000000e+02
   1.5857390e+01   3.8471012e+01   1.5000000e+02
   1.5892476e+01   3.8523298e+01   1.5000000e+02
   1.5924514e+01   3.8576757e+01   1.5000000e+02
   1.5954384e+01   3.8630984e+01   1.5000000e+02
   1.5981588e+01   3.8686089e+01   1.5000000e+02
   1.6005604e+01   3.8742086e+01   1.5000000e+02
   1.6027589e+01   3.8798583e+01   1.5000000e+02
   1.6047499e+01   3.8855567e+01   1.5000000e+02
   1.6050131e+01   3.8914549e+01   1.5000000e+02
   1.6050121e+01   3.8973590e+01   1.5000000e+02
   1.6048159e+01   3.9032625e+01   1.5000000e+02
   1.6044518e+01   3.9091615e+01   1.5000000e+02
   1.6038949e+01   3.9150512e+01   1.5000000e+02
   1.6032018e+01   3.9209319e+01   1.5000000e+02
   1.6023770e+01   3.9268028e+01   1.5000000e+02
   1.6013528e+01   3.9326552e+01   1.5000000e+02
   1.5997760e+01   3.9384285e+01   1.5000000e+02
   1.5979598e+01   3.9441647e+01   1.5000000e+02
   1.5959897e+01   3.9498713e+01   1.5000000e+02
   1.5939183e+01   3.9555568e+01   1.5000000e+02
   1.5918018e+01   3.9612328e+01   1.5000000e+02
   1.5896430e+01   3.9668997e+01   1.5000000e+02
   1.5873074e+01   3.9725253e+01   1.5000000e+02
   1.5847415e+01   3.9780878e+01   1.5000000e+02
   1.5818310e+01   3.9835539e+01   1.5000000e+02
   1.5788306e+01   3.9889923e+01   1.5000000e+02
   1.5757063e+01   3.9943894e+01   1.5000000e+02
   1.5723733e+01   3.9997094e+01   1.5000000e+02
   1.5684404e+01   4.0047895e+01   1.5000000e+02
   1.5644054e+01   4.0098239e+01   1.5000000e+02
   1.5602844e+01   4.0148187e+01   1.5000000e+02
   1.5560724e+01   4.0197703e+01   1.5000000e+02
   1.5517054e+01   4.0246427e+01   1.5000000e+02
   1.5471090e+01   4.0293942e+01   1.5000000e+02
   1.5424625e+01   4.0341195e+01   1.5000000e+02
   1.5377762e+01   4.0388238e+01   1.5000000e+02
   1.5330003e+01   4.0434768e+01   1.5000000e+02
   1.5281508e+01   4.0480878e+01   1.5000000e+02
   1.5233000e+01   4.0527000e+01   1.5000000e+02
   1.4436000e+01   3.8144000e+01   2.0000000e+02
   1.4496512e+01   3.8156326e+01   2.0000000e+02
   1.4556989e+01   3.8168766e+01   2.0000000e+02
   1.4617342e+01   3.8181619e+01   2.0000000e+02
   1.4677526e+01   3.8194964e+01   2.0000000e+02
   1.4737481e+01   3.8208972e+01   2.0000000e+02
   1.4796791e+01   3.8224565e+01   2.0000000e+02
   1.4855708e+01   3.8241117e+01   2.0000000e+02
   1.4914154e+01   3.8258713e+01   2.0000000e+02
   1.4972441e+01   3.8276650e+01   2.0000000e+02
   1.5030549e+01   3.8294967e+01   2.0000000e+02
   1.5088084e+01   3.8314402e+01   2.0000000e+02
   1.5144510e+01   3.8335591e+01   2.0000000e+02
   1.5198579e+01   3.8360450e+01   2.0000000e+02
   1.5251938e+01   3.8386252e+01   2.0000000e+02
   1.5304851e+01   3.8412630e+01   2.0000000e+02
   1.5356447e+01   3.8440604e+01   2.0000000e+02
   1.5407188e+01   3.8469513e+01   2.0000000e+02
   1.5457023e+01   3.8499414e+01   2.0000000e+02
   1.5496145e+01   3.8537629e+01   2.0000000e+02
   1.5533443e+01   3.8577177e+01   2.0000000e+02
   1.5567506e+01   3.8618500e+01   2.0000000e+02
   1.5600610e+01   3.8660280e+01   2.0000000e+02
   1.5631582e+01   3.8703077e+01   2.0000000e+02
   1.5655220e+01   3.8748269e+01   2.0000000e+02
   1.5672469e+01   3.8795546e+01   2.0000000e+02
   1.5686624e+01   3.8843445e+01   2.0000000e+02
   1.5699626e+01   3.8891533e+01   2.0000000e+02
   1.5711075e+01   3.8939873e+01   2.0000000e+02
   1.5720977e+01   3.8988417e+01   2.0000000e+02
   1.5727831e+01   3.9037153e+01   2.0000000e+02
   1.5727201e+01   3.9086305e+01   2.0000000e+02
   1.5725714e+01   3.9135443e+01   2.0000000e+02
   1.5723707e+01   3.9184571e+01   2.0000000e+02
   1.5720560e+01   3.9233664e+01   2.0000000e+02
   1.5716433e+01   3.9282708e+01   2.0000000e+02
   1.5711343e+01   3.9331703e+01   2.0000000e+02
   1.5705151e+01   3.9380623e+01   2.0000000e+02
   1.5697566e+01   3.9429405e+01   2.0000000e+02
   1.5687410e+01   3.9477929e+01   2.0000000e+02
   1.5676251e+01   3.9526318e+01   2.0000000e+02
   1.5664322e+01   3.9574603e+01   2.0000000e+02
   1.5651513e+01   3.9622755e+01   2.0000000e+02
   1.5638445e+01   3.9670866e+01   2.0000000e+02
   1.5624185e+01   3.9718780e+01   2.0000000e+02
   1.5607701e+01   3.9766188e+01   2.0000000e+02
   1.5585662e+01   3.9812332e+01   2.0000000e+02
   1.5562620e+01   3.9858190e+01   2.0000000e+02
   1.5538824e+01   3.9903822e+01   2.0000000e+02
   1.5514090e+01   3.9949168e+01   2.0000000e+02
   1.5488295e+01   3.9994171e+01   2.0000000e+02
   1.5459286e+01   4.0037917e+01   2.0000000e+02
   1.5426437e+01   4.0080153e+01   2.0000000e+02
   1.5392749e+01   4.0122010e+01   2.0000000e+02
   1.5358665e+01   4.0163686e+01   2.0000000e+02
   1.5323061e+01   4.0204630e+01   2.0000000e+02
   1.5286855e+01   4.0245267e+01   2.0000000e+02
   1.5249670e+01   4.0285404e+01   2.0000000e+02
   1.5211956e+01   4.0325265e+01   2.0000000e+02
   1.5174000e+01   4.0365000e+01   2.0000000e+02
   1.4380000e+01   3.8333000e+01   2.5000000e+02
   1.4430486e+01   3.8344160e+01   2.5000000e+02
   1.4480926e+01   3.8355450e+01   2.5000000e+02
   1.4531013e+01   3.8367705e+01   2.5000000e+02
   1.4581007e+01   3.8380193e+01   2.5000000e+02
   1.4630711e+01   3.8393412e+01   2.5000000e+02
   1.4680227e+01   3.8407056e+01   2.5000000e+02
   1.4729397e+01   3.8421486e+01   2.5000000e+02
   1.4778466e+01   3.8436142e+01   2.5000000e+02
   1.4827425e+01   3.8451042e+01   2.5000000e+02
   1.4874983e+01   3.8468388e+01   2.5000000e+02
   1.4921608e+01   3.8487364e+01   2.5000000e+02
   1.4967719e+01   3.8507113e+01   2.5000000e+02
   1.5013663e+01   3.8527112e+01   2.5000000e+02
   1.5058419e+01   3.8548717e+01   2.5000000e+02
   1.5102966e+01   3.8570594e+01   2.5000000e+02
   1.5146334e+01   3.8593905e+01   2.5000000e+02
   1.5187409e+01   3.8619158e+01   2.5000000e+02
   1.5220523e+01   3.8651149e+01   2.5000000e+02
   1.5252393e+01   3.8683881e+01   2.5000000e+02
   1.5282691e+01   3.8717545e+01   2.5000000e+02
   1.5311529e+01   3.8751976e+01   2.5000000e+02
   1.5339615e+01   3.8786802e+01   2.5000000e+02
   1.5365690e+01   3.8822568e+01   2.5000000e+02
   1.5390393e+01   3.8858818e+01   2.5000000e+02
   1.5404832e+01   3.8898393e+01   2.5000000e+02
   1.5418781e+01   3.8938068e+01   2.5000000e+02
   1.5431053e+01   3.8978085e+01   2.5000000e+02
   1.5442604e+01   3.9018226e+01   2.5000000e+02
   1.5452830e+01   3.9058591e+01   2.5000000e+02
   1.5459866e+01   3.9099288e+01   2.5000000e+02
   1.5463639e+01   3.9140323e+01   2.5000000e+02
   1.5466699e+01   3.9181388e+01   2.5000000e+02
   1.5468568e+01   3.9222502e+01   2.5000000e+02
   1.5470111e+01   3.9263621e+01   2.5000000e+02
   1.5470583e+01   3.9304759e+01   2.5000000e+02
   1.5470944e+01   3.9345897e+01   2.5000000e+02
   1.5470477e+01   3.9387035e+01   2.5000000e+02
   1.5470009e+01   3.9428173e+01   2.5000000e+02
   1.5465046e+01   3.9469131e+01   2.5000000e+02
   1.5459988e+01   3.9510084e+01   2.5000000e+02
   1.5454005e+01   3.9550964e+01   2.5000000e+02
   1.5448023e+01   3.9591845e+01   2.5000000e+02
   1.5440395e+01   3.9632562e+01   2.5000000e+02
   1.5432717e+01   3.9673274e+01   2.5000000e+02
   1.5423705e+01   3.9713825e+01   2.5000000e+02
   1.5414431e+01   3.9754327e+01   2.5000000e+02
   1.5397685e+01   3.9793402e+01   2.5000000e+02
   1.5380938e+01   3.9832478e+01   2.5000000e+02
   1.5363090e+01   3.9871268e+01   2.5000000e+02
   1.5345097e+01   3.9910021e+01   2.5000000e+02
   1.5325942e+01   3.9948446e+01   2.5000000e+02
   1.5306328e+01   3.9986740e+01   2.5000000e+02
   1.5283668e+01   4.0023974e+01   2.5000000e+02
   1.5258759e+01   4.0060426e+01   2.5000000e+02
   1.5232662e+01   4.0096394e+01   2.5000000e+02
   1.5206110e+01   4.0132169e+01   2.5000000e+02
   1.5178656e+01   4.0167554e+01   2.5000000e+02
   1.5150908e+01   4.0202812e+01   2.5000000e+02
   1.5123000e+01   4.0238000e+01   2.5000000e+02
   1.4334000e+01   3.8512000e+01   3.0000000e+02
   1.4377256e+01   3.8522707e+01   3.0000000e+02
   1.4420511e+01   3.8533414e+01   3.0000000e+02
   1.4463417e+01   3.8544957e+01   3.0000000e+02
   1.4506147e+01   3.8556921e+01   3.0000000e+02
   1.4548669e+01   3.8569324e+01   3.0000000e+02
   1.4590758e+01   3.8582638e+01   3.0000000e+02
   1.4632847e+01   3.8595952e+01   3.0000000e+02
   1.4674295e+01   3.8610475e+01   3.0000000e+02
   1.4715741e+01   3.8625002e+01   3.0000000e+02
   1.4755294e+01   3.8642323e+01   3.0000000e+02
   1.4793855e+01   3.8661109e+01   3.0000000e+02
   1.4831583e+01   3.8680892e+01   3.0000000e+02
   1.4868830e+01   3.8701254e+01   3.0000000e+02
   1.4905307e+01   3.8722445e+01   3.0000000e+02
   1.4941312e+01   3.8744147e+01   3.0000000e+02
   1.4976298e+01   3.8766826e+01   3.0000000e+02
   1.5010584e+01   3.8790180e+01   3.0000000e+02
   1.5038375e+01   3.8817736e+01   3.0000000e+02
   1.5061453e+01   3.8848340e+01   3.0000000e+02
   1.5083471e+01   3.8879409e+01   3.0000000e+02
   1.5104740e+01   3.8910806e+01   3.0000000e+02
   1.5124447e+01   3.8942801e+01   3.0000000e+02
   1.5143163e+01   3.8975174e+01   3.0000000e+02
   1.5160917e+01   3.9007870e+01   3.0000000e+02
   1.5178117e+01   3.9040752e+01   3.0000000e+02
   1.5191264e+01   3.9074662e+01   3.0000000e+02
   1.5202303e+01   3.9109107e+01   3.0000000e+02
   1.5212512e+01   3.9143696e+01   3.0000000e+02
   1.5221438e+01   3.9178509e+01   3.0000000e+02
   1.5230218e+01   3.9213344e+01   3.0000000e+02
   1.5238182e+01   3.9248298e+01   3.0000000e+02
   1.5246146e+01   3.9283252e+01   3.0000000e+02
   1.5249055e+01   3.9318648e+01   3.0000000e+02
   1.5251357e+01   3.9354098e+01   3.0000000e+02
   1.5252332e+01   3.9389578e+01   3.0000000e+02
   1.5252793e+01   3.9425070e+01   3.0000000e+02
   1.5253000e+01   3.9460564e+01   3.0000000e+02
   1.5253000e+01   3.9496058e+01   3.0000000e+02
   1.5252297e+01   3.9531541e+01   3.0000000e+02
   1.5250454e+01   3.9567007e+01   3.0000000e+02
   1.5248418e+01   3.9602465e+01   3.0000000e+02
   1.5245658e+01   3.9637895e+01   3.0000000e+02
   1.5242682e+01   3.9673305e+01   3.0000000e+02
   1.5234184e+01   3.9708192e+01   3.0000000e+02
   1.5225686e+01   3.9743079e+01   3.0000000e+02
   1.5215818e+01   3.9777749e+01   3.0000000e+02
   1.5205610e+01   3.9812366e+01   3.0000000e+02
   1.5194868e+01   3.9846886e+01   3.0000000e+02
   1.5183686e+01   3.9881327e+01   3.0000000e+02
   1.5170748e+01   3.9915340e+01   3.0000000e+02
   1.5153948e+01   3.9948415e+01   3.0000000e+02
   1.5136963e+01   3.9981435e+01   3.0000000e+02
   1.5119708e+01   4.0014376e+01   3.0000000e+02
   1.5102110e+01   4.0047211e+01   3.0000000e+02
   1.5084162e+01   4.0079940e+01   3.0000000e+02
   1.5066601e+01   4.0112793e+01   3.0000000e+02
   1.5049296e+01   4.0145728e+01   3.0000000e+02
   1.5032579e+01   4.0178843e+01   3.0000000e+02
   1.5016000e+01   4.0212000e+01   3.0000000e+02
   1.4327000e+01   3.8707000e+01   3.5000000e+02
   1.4360959e+01   3.8717366e+01   3.5000000e+02
   1.4394918e+01   3.8727733e+01   3.5000000e+02
   1.4428712e+01   3.8738407e+01   3.5000000e+02
   1.4461856e+01   3.8750296e+01   3.5000000e+02
   1.4494999e+01   3.8762185e+01   3.5000000e+02
   1.4527577e+01   3.8774949e+01   3.5000000e+02
   1.4559394e+01   3.8788892e+01   3.5000000e+02
   1.4591211e+01   3.8802834e+01   3.5000000e+02
   1.4622280e+01   3.8817753e+01   3.5000000e+02
   1.4652909e+01   3.8833248e+01   3.5000000e+02
   1.4683539e+01   3.8848743e+01   3.5000000e+02
   1.4707870e+01   3.8869751e+01   3.5000000e+02
   1.4731127e+01   3.8891698e+01   3.5000000e+02
   1.4754385e+01   3.8913645e+01   3.5000000e+02
   1.4775833e+01   3.8936674e+01   3.5000000e+02
   1.4796833e+01   3.8959971e+01   3.5000000e+02
   1.4817832e+01   3.8983267e+01   3.5000000e+02
   1.4837682e+01   3.9007166e+01   3.5000000e+02
   1.4857156e+01   3.9031260e+01   3.5000000e+02
   1.4876629e+01   3.9055355e+01   3.5000000e+02
   1.4894637e+01   3.9080121e+01   3.5000000e+02
   1.4912086e+01   3.9105142e+01   3.5000000e+02
   1.4929535e+01   3.9130163e+01   3.5000000e+02
   1.4942465e+01   3.9156663e+01   3.5000000e+02
   1.4953335e+01   3.9183837e+01   3.5000000e+02
   1.4964204e+01   3.9211011e+01   3.5000000e+02
   1.4974139e+01   3.9238398e+01   3.5000000e+02
   1.4983750e+01   3.9265858e+01   3.5000000e+02
   1.4993361e+01   3.9293317e+01   3.5000000e+02
   1.5001545e+01   3.9321050e+01   3.5000000e+02
   1.5009435e+01   3.9348838e+01   3.5000000e+02
   1.5017326e+01   3.9376626e+01   3.5000000e+02
   1.5024237e+01   3.9404570e+01   3.5000000e+02
   1.5031056e+01   3.9432529e+01   3.5000000e+02
   1.5037875e+01   3.9460487e+01   3.5000000e+02
   1.5038997e+01   3.9488918e+01   3.5000000e+02
   1.5040013e+01   3.9517358e+01   3.5000000e+02
   1.5040991e+01   3.9545798e+01   3.5000000e+02
   1.5040652e+01   3.9574247e+01   3.5000000e+02
   1.5040313e+01   3.9602696e+01   3.5000000e+02
   1.5039897e+01   3.9631144e+01   3.5000000e+02
   1.5038527e+01   3.9659575e+01   3.5000000e+02
   1.5037156e+01   3.9688006e+01   3.5000000e+02
   1.5035631e+01   3.9716431e+01   3.5000000e+02
   1.5033265e+01   3.9744823e+01   3.5000000e+02
   1.5030899e+01   3.9773215e+01   3.5000000e+02
   1.5027699e+01   3.9801529e+01   3.5000000e+02
   1.5021111e+01   3.9829526e+01   3.5000000e+02
   1.5014524e+01   3.9857524e+01   3.5000000e+02
   1.5007834e+01   3.9885506e+01   3.5000000e+02
   1.5000611e+01   3.9913412e+01   3.5000000e+02
   1.4993388e+01   3.9941318e+01   3.5000000e+02
   1.4986021e+01   3.9969200e+01   3.5000000e+02
   1.4977548e+01   3.9996901e+01   3.5000000e+02
   1.4969075e+01   4.0024601e+01   3.5000000e+02
   1.4960568e+01   4.0052295e+01   3.5000000e+02
   1.4951379e+01   4.0079863e+01   3.5000000e+02
   1.4942189e+01   4.0107432e+01   3.5000000e+02
   1.4933000e+01   4.0135000e+01   3.5000000e+02
