   1.2179500e+02   1.5179000e+01   0.0000000e+00
   1.2182501e+02   1.5207044e+01   0.0000000e+00
   1.2185502e+02   1.5235088e+01   0.0000000e+00
   1.2188407e+02   1.5264069e+01   0.0000000e+00
   1.2191308e+02   1.5293083e+01   0.0000000e+00
   1.2194210e+02   1.5322100e+01   0.0000000e+00
   1.2197112e+02   1.5351117e+01   0.0000000e+00
   1.2199991e+02   1.5380352e+01   0.0000000e+00
   1.2202867e+02   1.5409611e+01   0.0000000e+00
   1.2205699e+02   1.5439278e+01   0.0000000e+00
   1.2208524e+02   1.5468998e+01   0.0000000e+00
   1.2211305e+02   1.5499112e+01   0.0000000e+00
   1.2214077e+02   1.5529307e+01   0.0000000e+00
   1.2216620e+02   1.5561297e+01   0.0000000e+00
   1.2219109e+02   1.5593704e+01   0.0000000e+00
   1.2221562e+02   1.5626370e+01   0.0000000e+00
   1.2223997e+02   1.5659158e+01   0.0000000e+00
   1.2226399e+02   1.5692182e+01   0.0000000e+00
   1.2228771e+02   1.5725400e+01   0.0000000e+00
   1.2231134e+02   1.5758687e+01   0.0000000e+00
   1.2233484e+02   1.5792059e+01   0.0000000e+00
   1.2235807e+02   1.5825607e+01   0.0000000e+00
   1.2238069e+02   1.5859542e+01   0.0000000e+00
   1.2240321e+02   1.5893542e+01   0.0000000e+00
   1.2242528e+02   1.5927818e+01   0.0000000e+00
   1.2244702e+02   1.5962259e+01   0.0000000e+00
   1.2246369e+02   1.5999250e+01   0.0000000e+00
   1.2248036e+02   1.6036242e+01   0.0000000e+00
   1.2249704e+02   1.6073235e+01   0.0000000e+00
   1.2251351e+02   1.6110308e+01   0.0000000e+00
   1.2252929e+02   1.6147662e+01   0.0000000e+00
   1.2254487e+02   1.6185095e+01   0.0000000e+00
   1.2256002e+02   1.6222695e+01   0.0000000e+00
   1.2257497e+02   1.6260363e+01   0.0000000e+00
   1.2258966e+02   1.6298130e+01   0.0000000e+00
   1.2260403e+02   1.6336011e+01   0.0000000e+00
   1.2261808e+02   1.6374002e+01   0.0000000e+00
   1.2263187e+02   1.6412085e+01   0.0000000e+00
   1.2264545e+02   1.6450234e+01   0.0000000e+00
   1.2265752e+02   1.6488836e+01   0.0000000e+00
   1.2266883e+02   1.6527665e+01   0.0000000e+00
   1.2267992e+02   1.6566549e+01   0.0000000e+00
   1.2269090e+02   1.6605466e+01   0.0000000e+00
   1.2270143e+02   1.6644495e+01   0.0000000e+00
   1.2271169e+02   1.6683592e+01   0.0000000e+00
   1.2272148e+02   1.6722798e+01   0.0000000e+00
   1.2273093e+02   1.6762083e+01   0.0000000e+00
   1.2274032e+02   1.6801382e+01   0.0000000e+00
   1.2274965e+02   1.6840693e+01   0.0000000e+00
   1.2275823e+02   1.6880156e+01   0.0000000e+00
   1.2276615e+02   1.6919751e+01   0.0000000e+00
   1.2277120e+02   1.6959683e+01   0.0000000e+00
   1.2277354e+02   1.6999935e+01   0.0000000e+00
   1.2277572e+02   1.7040194e+01   0.0000000e+00
   1.2277761e+02   1.7080467e+01   0.0000000e+00
   1.2277913e+02   1.7120750e+01   0.0000000e+00
   1.2277959e+02   1.7161061e+01   0.0000000e+00
   1.2278000e+02   1.7201373e+01   0.0000000e+00
   1.2278000e+02   1.7241686e+01   0.0000000e+00
   1.2278000e+02   1.7282000e+01   0.0000000e+00
   1.2159300e+02   1.5493000e+01   5.0000000e+01
   1.2161184e+02   1.5520513e+01   5.0000000e+01
   1.2163069e+02   1.5548027e+01   5.0000000e+01
   1.2164953e+02   1.5575541e+01   5.0000000e+01
   1.2166838e+02   1.5603057e+01   5.0000000e+01
   1.2168723e+02   1.5630574e+01   5.0000000e+01
   1.2170626e+02   1.5657976e+01   5.0000000e+01
   1.2172537e+02   1.5685329e+01   5.0000000e+01
   1.2174449e+02   1.5712674e+01   5.0000000e+01
   1.2176404e+02   1.5739741e+01   5.0000000e+01
   1.2178358e+02   1.5766809e+01   5.0000000e+01
   1.2180313e+02   1.5793877e+01   5.0000000e+01
   1.2182268e+02   1.5820948e+01   5.0000000e+01
   1.2184224e+02   1.5848019e+01   5.0000000e+01
   1.2186286e+02   1.5874334e+01   5.0000000e+01
   1.2188393e+02   1.5900334e+01   5.0000000e+01
   1.2190500e+02   1.5926336e+01   5.0000000e+01
   1.2192607e+02   1.5952339e+01   5.0000000e+01
   1.2194715e+02   1.5978333e+01   5.0000000e+01
   1.2196828e+02   1.6004300e+01   5.0000000e+01
   1.2198940e+02   1.6030267e+01   5.0000000e+01
   1.2201048e+02   1.6056274e+01   5.0000000e+01
   1.2203156e+02   1.6082283e+01   5.0000000e+01
   1.2205226e+02   1.6108570e+01   5.0000000e+01
   1.2207283e+02   1.6134954e+01   5.0000000e+01
   1.2209231e+02   1.6162064e+01   5.0000000e+01
   1.2211072e+02   1.6189886e+01   5.0000000e+01
   1.2212911e+02   1.6217718e+01   5.0000000e+01
   1.2214723e+02   1.6245719e+01   5.0000000e+01
   1.2216535e+02   1.6273720e+01   5.0000000e+01
   1.2218297e+02   1.6302014e+01   5.0000000e+01
   1.2220029e+02   1.6330478e+01   5.0000000e+01
   1.2221762e+02   1.6358942e+01   5.0000000e+01
   1.2223494e+02   1.6387408e+01   5.0000000e+01
   1.2225227e+02   1.6415874e+01   5.0000000e+01
   1.2226921e+02   1.6444556e+01   5.0000000e+01
   1.2228604e+02   1.6473296e+01   5.0000000e+01
   1.2230196e+02   1.6502484e+01   5.0000000e+01
   1.2231616e+02   1.6532507e+01   5.0000000e+01
   1.2233036e+02   1.6562529e+01   5.0000000e+01
   1.2234412e+02   1.6592739e+01   5.0000000e+01
   1.2235783e+02   1.6622974e+01   5.0000000e+01
   1.2237140e+02   1.6653266e+01   5.0000000e+01
   1.2238476e+02   1.6683642e+01   5.0000000e+01
   1.2239813e+02   1.6714018e+01   5.0000000e+01
   1.2241038e+02   1.6744824e+01   5.0000000e+01
   1.2242255e+02   1.6775659e+01   5.0000000e+01
   1.2243241e+02   1.6807148e+01   5.0000000e+01
   1.2243966e+02   1.6839373e+01   5.0000000e+01
   1.2244691e+02   1.6871599e+01   5.0000000e+01
   1.2245294e+02   1.6904055e+01   5.0000000e+01
   1.2245895e+02   1.6936514e+01   5.0000000e+01
   1.2246454e+02   1.6969038e+01   5.0000000e+01
   1.2246971e+02   1.7001630e+01   5.0000000e+01
   1.2247488e+02   1.7034222e+01   5.0000000e+01
   1.2247933e+02   1.7066910e+01   5.0000000e+01
   1.2248377e+02   1.7099600e+01   5.0000000e+01
   1.2248760e+02   1.7132356e+01   5.0000000e+01
   1.2249080e+02   1.7165178e+01   5.0000000e+01
   1.2249400e+02   1.7198000e+01   5.0000000e+01
   1.2151400e+02   1.5704000e+01   1.0000000e+02
   1.2153103e+02   1.5730251e+01   1.0000000e+02
   1.2154806e+02   1.5756502e+01   1.0000000e+02
   1.2156511e+02   1.5782735e+01   1.0000000e+02
   1.2158231e+02   1.5808887e+01   1.0000000e+02
   1.2159951e+02   1.5835040e+01   1.0000000e+02
   1.2161690e+02   1.5861072e+01   1.0000000e+02
   1.2163460e+02   1.5886915e+01   1.0000000e+02
   1.2165230e+02   1.5912758e+01   1.0000000e+02
   1.2167010e+02   1.5938541e+01   1.0000000e+02
   1.2168797e+02   1.5964279e+01   1.0000000e+02
   1.2170584e+02   1.5990016e+01   1.0000000e+02
   1.2172521e+02   1.6014720e+01   1.0000000e+02
   1.2174503e+02   1.6039110e+01   1.0000000e+02
   1.2176485e+02   1.6063502e+01   1.0000000e+02
   1.2178467e+02   1.6087895e+01   1.0000000e+02
   1.2180448e+02   1.6112289e+01   1.0000000e+02
   1.2182443e+02   1.6136592e+01   1.0000000e+02
   1.2184448e+02   1.6160812e+01   1.0000000e+02
   1.2186454e+02   1.6185031e+01   1.0000000e+02
   1.2188439e+02   1.6209409e+01   1.0000000e+02
   1.2190422e+02   1.6233808e+01   1.0000000e+02
   1.2192404e+02   1.6258209e+01   1.0000000e+02
   1.2194387e+02   1.6282612e+01   1.0000000e+02
   1.2196370e+02   1.6307014e+01   1.0000000e+02
   1.2198270e+02   1.6332004e+01   1.0000000e+02
   1.2200123e+02   1.6357335e+01   1.0000000e+02
   1.2201976e+02   1.6382667e+01   1.0000000e+02
   1.2203803e+02   1.6408170e+01   1.0000000e+02
   1.2205630e+02   1.6433674e+01   1.0000000e+02
   1.2207442e+02   1.6459284e+01   1.0000000e+02
   1.2209225e+02   1.6485080e+01   1.0000000e+02
   1.2211008e+02   1.6510875e+01   1.0000000e+02
   1.2212752e+02   1.6536915e+01   1.0000000e+02
   1.2214481e+02   1.6563047e+01   1.0000000e+02
   1.2216203e+02   1.6589225e+01   1.0000000e+02
   1.2217869e+02   1.6615735e+01   1.0000000e+02
   1.2219535e+02   1.6642245e+01   1.0000000e+02
   1.2220988e+02   1.6669783e+01   1.0000000e+02
   1.2222210e+02   1.6698432e+01   1.0000000e+02
   1.2223427e+02   1.6727096e+01   1.0000000e+02
   1.2224613e+02   1.6755886e+01   1.0000000e+02
   1.2225798e+02   1.6784675e+01   1.0000000e+02
   1.2226918e+02   1.6813705e+01   1.0000000e+02
   1.2228015e+02   1.6842816e+01   1.0000000e+02
   1.2229078e+02   1.6872037e+01   1.0000000e+02
   1.2230087e+02   1.6901442e+01   1.0000000e+02
   1.2231095e+02   1.6930847e+01   1.0000000e+02
   1.2232065e+02   1.6960370e+01   1.0000000e+02
   1.2233035e+02   1.6989893e+01   1.0000000e+02
   1.2233739e+02   1.7020030e+01   1.0000000e+02
   1.2234282e+02   1.7050538e+01   1.0000000e+02
   1.2234815e+02   1.7081063e+01   1.0000000e+02
   1.2235310e+02   1.7111644e+01   1.0000000e+02
   1.2235806e+02   1.7142226e+01   1.0000000e+02
   1.2236203e+02   1.7172936e+01   1.0000000e+02
   1.2236577e+02   1.7203676e+01   1.0000000e+02
   1.2236934e+02   1.7234434e+01   1.0000000e+02
   1.2237267e+02   1.7265217e+01   1.0000000e+02
   1.2237600e+02   1.7296000e+01   1.0000000e+02
   1.2162600e+02   1.6360000e+01   1.5000000e+02
   1.2163783e+02   1.6375209e+01   1.5000000e+02
   1.2164966e+02   1.6390419e+01   1.5000000e+02
   1.2166149e+02   1.6405628e+01   1.5000000e+02
   1.2167332e+02   1.6420837e+01   1.5000000e+02
   1.2168515e+02   1.6436048e+01   1.5000000e+02
   1.2169698e+02   1.6451259e+01   1.5000000e+02
   1.2170881e+02   1.6466470e+01   1.5000000e+02
   1.2172064e+02   1.6481681e+01   1.5000000e+02
   1.2173247e+02   1.6496894e+01   1.5000000e+02
   1.2174431e+02   1.6512107e+01   1.5000000e+02
   1.2175614e+02   1.6527320e+01   1.5000000e+02
   1.2176797e+02   1.6542532e+01   1.5000000e+02
   1.2177989e+02   1.6557683e+01   1.5000000e+02
   1.2179188e+02   1.6572786e+01   1.5000000e+02
   1.2180387e+02   1.6587890e+01   1.5000000e+02
   1.2181585e+02   1.6602994e+01   1.5000000e+02
   1.2182813e+02   1.6617877e+01   1.5000000e+02
   1.2184083e+02   1.6632435e+01   1.5000000e+02
   1.2185354e+02   1.6646993e+01   1.5000000e+02
   1.2186624e+02   1.6661551e+01   1.5000000e+02
   1.2187885e+02   1.6676188e+01   1.5000000e+02
   1.2189140e+02   1.6690873e+01   1.5000000e+02
   1.2190395e+02   1.6705558e+01   1.5000000e+02
   1.2191650e+02   1.6720243e+01   1.5000000e+02
   1.2192879e+02   1.6735130e+01   1.5000000e+02
   1.2194104e+02   1.6750046e+01   1.5000000e+02
   1.2195329e+02   1.6764961e+01   1.5000000e+02
   1.2196550e+02   1.6779905e+01   1.5000000e+02
   1.2197746e+02   1.6795045e+01   1.5000000e+02
   1.2198941e+02   1.6810184e+01   1.5000000e+02
   1.2200136e+02   1.6825324e+01   1.5000000e+02
   1.2201190e+02   1.6841261e+01   1.5000000e+02
   1.2201993e+02   1.6858613e+01   1.5000000e+02
   1.2202795e+02   1.6875965e+01   1.5000000e+02
   1.2203598e+02   1.6893317e+01   1.5000000e+02
   1.2204374e+02   1.6910778e+01   1.5000000e+02
   1.2205124e+02   1.6928349e+01   1.5000000e+02
   1.2205873e+02   1.6945920e+01   1.5000000e+02
   1.2206622e+02   1.6963490e+01   1.5000000e+02
   1.2207343e+02   1.6981168e+01   1.5000000e+02
   1.2208048e+02   1.6998909e+01   1.5000000e+02
   1.2208752e+02   1.7016650e+01   1.5000000e+02
   1.2209457e+02   1.7034391e+01   1.5000000e+02
   1.2210136e+02   1.7052222e+01   1.5000000e+02
   1.2210809e+02   1.7070075e+01   1.5000000e+02
   1.2211481e+02   1.7087929e+01   1.5000000e+02
   1.2212154e+02   1.7105783e+01   1.5000000e+02
   1.2212719e+02   1.7123974e+01   1.5000000e+02
   1.2213275e+02   1.7142191e+01   1.5000000e+02
   1.2213832e+02   1.7160407e+01   1.5000000e+02
   1.2214388e+02   1.7178623e+01   1.5000000e+02
   1.2214938e+02   1.7196859e+01   1.5000000e+02
   1.2215488e+02   1.7215095e+01   1.5000000e+02
   1.2216037e+02   1.7233331e+01   1.5000000e+02
   1.2216587e+02   1.7251567e+01   1.5000000e+02
   1.2217091e+02   1.7269923e+01   1.5000000e+02
   1.2217594e+02   1.7288282e+01   1.5000000e+02
   1.2218097e+02   1.7306641e+01   1.5000000e+02
   1.2218600e+02   1.7325000e+01   1.5000000e+02
