   1.3711300e+02   7.4920000e+00   0.0000000e+00
   1.3766540e+02   8.3764841e+00   0.0000000e+00
   1.3816572e+02   9.2910096e+00   0.0000000e+00
   1.3859448e+02   1.0240701e+01   0.0000000e+00
   1.3945525e+02   1.0718140e+01   0.0000000e+00
   1.4051160e+02   1.0785633e+01   0.0000000e+00
   1.4155999e+02   1.0919233e+01   0.0000000e+00
   1.4259004e+02   1.1162436e+01   0.0000000e+00
   1.4358310e+02   1.1527810e+01   0.0000000e+00
   1.4455404e+02   1.1948214e+01   0.0000000e+00
   1.4547269e+02   1.2472812e+01   0.0000000e+00
   1.4628886e+02   1.3135896e+01   0.0000000e+00
   1.4696442e+02   1.3936397e+01   0.0000000e+00
   1.4742729e+02   1.4874464e+01   0.0000000e+00
   1.4776937e+02   1.5860012e+01   0.0000000e+00
   1.4798377e+02   1.6875941e+01   0.0000000e+00
   1.4798229e+02   1.7915614e+01   0.0000000e+00
   1.4775869e+02   1.8927965e+01   0.0000000e+00
   1.4737554e+02   1.9902755e+01   0.0000000e+00
   1.4686284e+02   2.0824936e+01   0.0000000e+00
   1.4627373e+02   2.1706679e+01   0.0000000e+00
   1.4552509e+02   2.2481562e+01   0.0000000e+00
   1.4472880e+02   2.3218643e+01   0.0000000e+00
   1.4395889e+02   2.3981876e+01   0.0000000e+00
   1.4339416e+02   2.4870291e+01   0.0000000e+00
   1.4328474e+02   2.5900374e+01   0.0000000e+00
   1.4329064e+02   2.6938921e+01   0.0000000e+00
   1.4313089e+02   2.7968431e+01   0.0000000e+00
   1.4284350e+02   2.8977308e+01   0.0000000e+00
   1.4250731e+02   2.9975309e+01   0.0000000e+00
   1.4227536e+02   3.0994944e+01   0.0000000e+00
   1.4213001e+02   3.2027430e+01   0.0000000e+00
   1.4201271e+02   3.3062772e+01   0.0000000e+00
   1.4189505e+02   3.4094492e+01   0.0000000e+00
   1.4217363e+02   3.5105189e+01   0.0000000e+00
   1.4273772e+02   3.6035709e+01   0.0000000e+00
   1.4336184e+02   3.6946184e+01   0.0000000e+00
   1.4388403e+02   3.7899397e+01   0.0000000e+00
   1.4423620e+02   3.8901573e+01   0.0000000e+00
   1.4435784e+02   3.9937106e+01   0.0000000e+00
   1.4487280e+02   4.0879612e+01   0.0000000e+00
   1.4587493e+02   4.1588325e+01   0.0000000e+00
   1.4701693e+02   4.2187423e+01   0.0000000e+00
   1.4816839e+02   4.2787656e+01   0.0000000e+00
   1.4928195e+02   4.3436371e+01   0.0000000e+00
   1.5039472e+02   4.4096463e+01   0.0000000e+00
   1.5158096e+02   4.4699290e+01   0.0000000e+00
   1.5278553e+02   4.5295931e+01   0.0000000e+00
   1.5385573e+02   4.6017327e+01   0.0000000e+00
   1.5485488e+02   4.6795987e+01   0.0000000e+00
   1.5585604e+02   4.7582594e+01   0.0000000e+00
   1.5690140e+02   4.8351900e+01   0.0000000e+00
   1.5800917e+02   4.9091967e+01   0.0000000e+00
   1.5915596e+02   4.9817122e+01   0.0000000e+00
   1.6014361e+02   5.0641328e+01   0.0000000e+00
   1.6080515e+02   5.1592627e+01   0.0000000e+00
   1.6169393e+02   5.2469096e+01   0.0000000e+00
   1.6274656e+02   5.3281854e+01   0.0000000e+00
   1.6329688e+02   5.4264435e+01   0.0000000e+00
   1.6353500e+02   5.5295000e+01   0.0000000e+00
   1.3695100e+02   8.0060000e+00   5.0000000e+01
   1.3754752e+02   8.8453190e+00   5.0000000e+01
   1.3797599e+02   9.7778384e+00   5.0000000e+01
   1.3841942e+02   1.0703685e+01   5.0000000e+01
   1.3908626e+02   1.1488521e+01   5.0000000e+01
   1.4009383e+02   1.1611469e+01   5.0000000e+01
   1.4113678e+02   1.1709607e+01   5.0000000e+01
   1.4216878e+02   1.1889244e+01   5.0000000e+01
   1.4317921e+02   1.2159165e+01   5.0000000e+01
   1.4415668e+02   1.2534581e+01   5.0000000e+01
   1.4506687e+02   1.3041884e+01   5.0000000e+01
   1.4587626e+02   1.3698543e+01   5.0000000e+01
   1.4638699e+02   1.4591418e+01   5.0000000e+01
   1.4664739e+02   1.5584662e+01   5.0000000e+01
   1.4680963e+02   1.6598713e+01   5.0000000e+01
   1.4682315e+02   1.7622437e+01   5.0000000e+01
   1.4670459e+02   1.8641519e+01   5.0000000e+01
   1.4635456e+02   1.9612731e+01   5.0000000e+01
   1.4586968e+02   2.0529756e+01   5.0000000e+01
   1.4527067e+02   2.1389827e+01   5.0000000e+01
   1.4452680e+02   2.2148606e+01   5.0000000e+01
   1.4371577e+02   2.2849484e+01   5.0000000e+01
   1.4297342e+02   2.3614489e+01   5.0000000e+01
   1.4250233e+02   2.4538991e+01   5.0000000e+01
   1.4226826e+02   2.5542855e+01   5.0000000e+01
   1.4209797e+02   2.6557557e+01   5.0000000e+01
   1.4192732e+02   2.7572403e+01   5.0000000e+01
   1.4173617e+02   2.8584686e+01   5.0000000e+01
   1.4154711e+02   2.9597528e+01   5.0000000e+01
   1.4138881e+02   3.0614534e+01   5.0000000e+01
   1.4126915e+02   3.1635387e+01   5.0000000e+01
   1.4117310e+02   3.2658392e+01   5.0000000e+01
   1.4099924e+02   3.3673379e+01   5.0000000e+01
   1.4080280e+02   3.4685498e+01   5.0000000e+01
   1.4088320e+02   3.5698023e+01   5.0000000e+01
   1.4137344e+02   3.6644495e+01   5.0000000e+01
   1.4190421e+02   3.7579126e+01   5.0000000e+01
   1.4234192e+02   3.8543155e+01   5.0000000e+01
   1.4250867e+02   3.9560993e+01   5.0000000e+01
   1.4258789e+02   4.0585182e+01   5.0000000e+01
   1.4323152e+02   4.1449749e+01   5.0000000e+01
   1.4437863e+02   4.2014685e+01   5.0000000e+01
   1.4555688e+02   4.2555276e+01   5.0000000e+01
   1.4678798e+02   4.3041766e+01   5.0000000e+01
   1.4798852e+02   4.3569436e+01   5.0000000e+01
   1.4910203e+02   4.4208897e+01   5.0000000e+01
   1.5028230e+02   4.4795370e+01   5.0000000e+01
   1.5147156e+02   4.5384707e+01   5.0000000e+01
   1.5257058e+02   4.6061700e+01   5.0000000e+01
   1.5352848e+02   4.6847237e+01   5.0000000e+01
   1.5445715e+02   4.7657056e+01   5.0000000e+01
   1.5541975e+02   4.8456579e+01   5.0000000e+01
   1.5640781e+02   4.9250624e+01   5.0000000e+01
   1.5739470e+02   5.0053610e+01   5.0000000e+01
   1.5835814e+02   5.0876127e+01   5.0000000e+01
   1.5918724e+02   5.1761870e+01   5.0000000e+01
   1.6000481e+02   5.2657503e+01   5.0000000e+01
   1.6087442e+02   5.3540710e+01   5.0000000e+01
   1.6175419e+02   5.4426740e+01   5.0000000e+01
   1.6244000e+02   5.5374000e+01   5.0000000e+01
   1.3816100e+02   1.0804000e+01   1.0000000e+02
   1.3862160e+02   1.1662284e+01   1.0000000e+02
   1.3955429e+02   1.1989426e+01   1.0000000e+02
   1.4055742e+02   1.2022908e+01   1.0000000e+02
   1.4155594e+02   1.2126803e+01   1.0000000e+02
   1.4254584e+02   1.2293368e+01   1.0000000e+02
   1.4351131e+02   1.2563768e+01   1.0000000e+02
   1.4443577e+02   1.2949463e+01   1.0000000e+02
   1.4526322e+02   1.3498221e+01   1.0000000e+02
   1.4582005e+02   1.4305625e+01   1.0000000e+02
   1.4614939e+02   1.5233935e+01   1.0000000e+02
   1.4630333e+02   1.6203674e+01   1.0000000e+02
   1.4635811e+02   1.7183177e+01   1.0000000e+02
   1.4629981e+02   1.8163418e+01   1.0000000e+02
   1.4608800e+02   1.9120624e+01   1.0000000e+02
   1.4570232e+02   2.0030653e+01   1.0000000e+02
   1.4514085e+02   2.0859609e+01   1.0000000e+02
   1.4448219e+02   2.1624472e+01   1.0000000e+02
   1.4373816e+02   2.2322178e+01   1.0000000e+02
   1.4299420e+02   2.3022181e+01   1.0000000e+02
   1.4238024e+02   2.3821976e+01   1.0000000e+02
   1.4201819e+02   2.4746413e+01   1.0000000e+02
   1.4178052e+02   2.5703492e+01   1.0000000e+02
   1.4160158e+02   2.6672257e+01   1.0000000e+02
   1.4143573e+02   2.7643109e+01   1.0000000e+02
   1.4127541e+02   2.8614872e+01   1.0000000e+02
   1.4112271e+02   2.9587770e+01   1.0000000e+02
   1.4097353e+02   3.0561235e+01   1.0000000e+02
   1.4084424e+02   3.1536970e+01   1.0000000e+02
   1.4070444e+02   3.2511789e+01   1.0000000e+02
   1.4049141e+02   3.3476843e+01   1.0000000e+02
   1.4026380e+02   3.4440296e+01   1.0000000e+02
   1.4009133e+02   3.5412034e+01   1.0000000e+02
   1.4029966e+02   3.6360344e+01   1.0000000e+02
   1.4085747e+02   3.7234755e+01   1.0000000e+02
   1.4135673e+02   3.8133546e+01   1.0000000e+02
   1.4161684e+02   3.9091594e+01   1.0000000e+02
   1.4167398e+02   4.0071729e+01   1.0000000e+02
   1.4180788e+02   4.1046658e+01   1.0000000e+02
   1.4247881e+02   4.1854360e+01   1.0000000e+02
   1.4366979e+02   4.2280655e+01   1.0000000e+02
   1.4484205e+02   4.2747085e+01   1.0000000e+02
   1.4602123e+02   4.3216168e+01   1.0000000e+02
   1.4721398e+02   4.3678980e+01   1.0000000e+02
   1.4829013e+02   4.4280687e+01   1.0000000e+02
   1.4941091e+02   4.4852091e+01   1.0000000e+02
   1.5056259e+02   4.5403481e+01   1.0000000e+02
   1.5164722e+02   4.6027796e+01   1.0000000e+02
   1.5260384e+02   4.6750539e+01   1.0000000e+02
   1.5346291e+02   4.7539720e+01   1.0000000e+02
   1.5433335e+02   4.8329819e+01   1.0000000e+02
   1.5525981e+02   4.9098186e+01   1.0000000e+02
   1.5621522e+02   4.9859095e+01   1.0000000e+02
   1.5716043e+02   5.0632895e+01   1.0000000e+02
   1.5800136e+02   5.1460313e+01   1.0000000e+02
   1.5875254e+02   5.2325340e+01   1.0000000e+02
   1.5954739e+02   5.3180556e+01   1.0000000e+02
   1.6038411e+02   5.4027506e+01   1.0000000e+02
   1.6116076e+02   5.4899173e+01   1.0000000e+02
   1.6184800e+02   5.5800000e+01   1.0000000e+02
   1.4042100e+02   1.2352000e+01   1.5000000e+02
   1.4136031e+02   1.2494509e+01   1.5000000e+02
   1.4229419e+02   1.2670047e+01   1.5000000e+02
   1.4321031e+02   1.2922076e+01   1.5000000e+02
   1.4409112e+02   1.3267870e+01   1.5000000e+02
   1.4487464e+02   1.3796763e+01   1.5000000e+02
   1.4533660e+02   1.4606355e+01   1.5000000e+02
   1.4563700e+02   1.5485420e+01   1.5000000e+02
   1.4577806e+02   1.6403602e+01   1.5000000e+02
   1.4584006e+02   1.7329215e+01   1.5000000e+02
   1.4579641e+02   1.8256418e+01   1.5000000e+02
   1.4560463e+02   1.9160282e+01   1.5000000e+02
   1.4518905e+02   2.0001722e+01   1.5000000e+02
   1.4461955e+02   2.0759057e+01   1.5000000e+02
   1.4398498e+02   2.1474045e+01   1.5000000e+02
   1.4328445e+02   2.2136493e+01   1.5000000e+02
   1.4259965e+02   2.2815008e+01   1.5000000e+02
   1.4201618e+02   2.3569234e+01   1.5000000e+02
   1.4160486e+02   2.4417822e+01   1.5000000e+02
   1.4135752e+02   2.5318491e+01   1.5000000e+02
   1.4115337e+02   2.6228377e+01   1.5000000e+02
   1.4099524e+02   2.7145927e+01   1.5000000e+02
   1.4084576e+02   2.8064798e+01   1.5000000e+02
   1.4068864e+02   2.8982825e+01   1.5000000e+02
   1.4051932e+02   2.9899409e+01   1.5000000e+02
   1.4031536e+02   3.0810836e+01   1.5000000e+02
   1.4009526e+02   3.1719947e+01   1.5000000e+02
   1.3986916e+02   3.2628372e+01   1.5000000e+02
   1.3960310e+02   3.3529285e+01   1.5000000e+02
   1.3931601e+02   3.4426603e+01   1.5000000e+02
   1.3907772e+02   3.5333750e+01   1.5000000e+02
   1.3901308e+02   3.6254195e+01   1.5000000e+02
   1.3944973e+02   3.7112633e+01   1.5000000e+02
   1.3996406e+02   3.7946579e+01   1.5000000e+02
   1.4029450e+02   3.8833941e+01   1.5000000e+02
   1.4047639e+02   3.9750625e+01   1.5000000e+02
   1.4048900e+02   4.0678913e+01   1.5000000e+02
   1.4048877e+02   4.1607225e+01   1.5000000e+02
   1.4088410e+02   4.2455624e+01   1.5000000e+02
   1.4204458e+02   4.2808196e+01   1.5000000e+02
   1.4325873e+02   4.3075979e+01   1.5000000e+02
   1.4443278e+02   4.3435822e+01   1.5000000e+02
   1.4555849e+02   4.3880248e+01   1.5000000e+02
   1.4666289e+02   4.4363067e+01   1.5000000e+02
   1.4773789e+02   4.4888849e+01   1.5000000e+02
   1.4881237e+02   4.5425284e+01   1.5000000e+02
   1.4988804e+02   4.5970579e+01   1.5000000e+02
   1.5090517e+02   4.6574783e+01   1.5000000e+02
   1.5183934e+02   4.7247421e+01   1.5000000e+02
   1.5265731e+02   4.7994275e+01   1.5000000e+02
   1.5347418e+02   4.8747483e+01   1.5000000e+02
   1.5433346e+02   4.9486120e+01   1.5000000e+02
   1.5523403e+02   5.0210329e+01   1.5000000e+02
   1.5614577e+02   5.0935694e+01   1.5000000e+02
   1.5697954e+02   5.1703923e+01   1.5000000e+02
   1.5769723e+02   5.2519808e+01   1.5000000e+02
   1.5838683e+02   5.3349814e+01   1.5000000e+02
   1.5912594e+02   5.4168933e+01   1.5000000e+02
   1.5982893e+02   5.5002837e+01   1.5000000e+02
   1.6049400e+02   5.5851000e+01   1.5000000e+02
   1.4173800e+02   1.2770000e+01   2.0000000e+02
   1.4260099e+02   1.3057279e+01   2.0000000e+02
   1.4344117e+02   1.3405328e+01   2.0000000e+02
   1.4421684e+02   1.3871937e+01   2.0000000e+02
   1.4486605e+02   1.4485666e+01   2.0000000e+02
   1.4524054e+02   1.5296838e+01   2.0000000e+02
   1.4546481e+02   1.6157563e+01   2.0000000e+02
   1.4560045e+02   1.7036870e+01   2.0000000e+02
   1.4562796e+02   1.7923265e+01   2.0000000e+02
   1.4548729e+02   1.8798978e+01   2.0000000e+02
   1.4514719e+02   1.9627671e+01   2.0000000e+02
   1.4463546e+02   2.0374642e+01   2.0000000e+02
   1.4406737e+02   2.1087371e+01   2.0000000e+02
   1.4341310e+02   2.1733427e+01   2.0000000e+02
   1.4273521e+02   2.2362234e+01   2.0000000e+02
   1.4209768e+02   2.3028683e+01   2.0000000e+02
   1.4163484e+02   2.3805696e+01   2.0000000e+02
   1.4128627e+02   2.4635395e+01   2.0000000e+02
   1.4101350e+02   2.5488562e+01   2.0000000e+02
   1.4081411e+02   2.6359325e+01   2.0000000e+02
   1.4063727e+02   2.7234226e+01   2.0000000e+02
   1.4046739e+02   2.8110466e+01   2.0000000e+02
   1.4028486e+02   2.8984878e+01   2.0000000e+02
   1.4007795e+02   2.9855480e+01   2.0000000e+02
   1.3985734e+02   3.0723848e+01   2.0000000e+02
   1.3961218e+02   3.1587798e+01   2.0000000e+02
   1.3935782e+02   3.2450304e+01   2.0000000e+02
   1.3907447e+02   3.3306716e+01   2.0000000e+02
   1.3875941e+02   3.4156293e+01   2.0000000e+02
   1.3844996e+02   3.5008041e+01   2.0000000e+02
   1.3825866e+02   3.5878634e+01   2.0000000e+02
   1.3840864e+02   3.6753569e+01   2.0000000e+02
   1.3878741e+02   3.7589178e+01   2.0000000e+02
   1.3917787e+02   3.8422584e+01   2.0000000e+02
   1.3942769e+02   3.9287288e+01   2.0000000e+02
   1.3947699e+02   4.0175409e+01   2.0000000e+02
   1.3943395e+02   4.1063351e+01   2.0000000e+02
   1.3944449e+02   4.1949496e+01   2.0000000e+02
   1.3984271e+02   4.2780545e+01   2.0000000e+02
   1.4077252e+02   4.3318506e+01   2.0000000e+02
   1.4193668e+02   4.3591286e+01   2.0000000e+02
   1.4311153e+02   4.3853936e+01   2.0000000e+02
   1.4424635e+02   4.4201335e+01   2.0000000e+02
   1.4533684e+02   4.4629789e+01   2.0000000e+02
   1.4641455e+02   4.5084366e+01   2.0000000e+02
   1.4748671e+02   4.5555584e+01   2.0000000e+02
   1.4854946e+02   4.6046830e+01   2.0000000e+02
   1.4958614e+02   4.6572431e+01   2.0000000e+02
   1.5055415e+02   4.7165997e+01   2.0000000e+02
   1.5148395e+02   4.7793909e+01   2.0000000e+02
   1.5233338e+02   4.8478742e+01   2.0000000e+02
   1.5316927e+02   4.9176999e+01   2.0000000e+02
   1.5400740e+02   4.9880193e+01   2.0000000e+02
   1.5484366e+02   5.0590323e+01   2.0000000e+02
   1.5565382e+02   5.1317819e+01   2.0000000e+02
   1.5640465e+02   5.2075307e+01   2.0000000e+02
   1.5713821e+02   5.2843800e+01   2.0000000e+02
   1.5783290e+02   5.3629282e+01   2.0000000e+02
   1.5848326e+02   5.4432066e+01   2.0000000e+02
   1.5911600e+02   5.5243000e+01   2.0000000e+02
   1.4291500e+02   1.3505000e+01   2.5000000e+02
   1.4374591e+02   1.3815677e+01   2.5000000e+02
   1.4449926e+02   1.4278097e+01   2.5000000e+02
   1.4495286e+02   1.5022087e+01   2.5000000e+02
   1.4523713e+02   1.5842735e+01   2.5000000e+02
   1.4544043e+02   1.6686674e+01   2.5000000e+02
   1.4550943e+02   1.7548924e+01   2.5000000e+02
   1.4543939e+02   1.8408488e+01   2.5000000e+02
   1.4515116e+02   1.9230534e+01   2.5000000e+02
   1.4473895e+02   2.0002653e+01   2.5000000e+02
   1.4423462e+02   2.0728528e+01   2.5000000e+02
   1.4364852e+02   2.1397314e+01   2.5000000e+02
   1.4295596e+02   2.1977190e+01   2.5000000e+02
   1.4225181e+02   2.2536638e+01   2.5000000e+02
   1.4175598e+02   2.3270183e+01   2.5000000e+02
   1.4137418e+02   2.4062734e+01   2.5000000e+02
   1.4107454e+02   2.4884309e+01   2.5000000e+02
   1.4082258e+02   2.5720207e+01   2.5000000e+02
   1.4060440e+02   2.6564076e+01   2.5000000e+02
   1.4039918e+02   2.7410979e+01   2.5000000e+02
   1.4018170e+02   2.8255680e+01   2.5000000e+02
   1.3993567e+02   2.9094782e+01   2.5000000e+02
   1.3967757e+02   2.9931551e+01   2.5000000e+02
   1.3940394e+02   3.0765172e+01   2.5000000e+02
   1.3912467e+02   3.1598002e+01   2.5000000e+02
   1.3883763e+02   3.2429534e+01   2.5000000e+02
   1.3853603e+02   3.3258073e+01   2.5000000e+02
   1.3816522e+02   3.4067152e+01   2.5000000e+02
   1.3777533e+02   3.4871711e+01   2.5000000e+02
   1.3746379e+02   3.5697008e+01   2.5000000e+02
   1.3748411e+02   3.6561229e+01   2.5000000e+02
   1.3773782e+02   3.7403469e+01   2.5000000e+02
   1.3804477e+02   3.8235221e+01   2.5000000e+02
   1.3835541e+02   3.9066890e+01   2.5000000e+02
   1.3846385e+02   3.9927529e+01   2.5000000e+02
   1.3844390e+02   4.0793090e+01   2.5000000e+02
   1.3840509e+02   4.1658631e+01   2.5000000e+02
   1.3851736e+02   4.2520785e+01   2.5000000e+02
   1.3885436e+02   4.3347372e+01   2.5000000e+02
   1.3973028e+02   4.3871218e+01   2.5000000e+02
   1.4089127e+02   4.4101146e+01   2.5000000e+02
   1.4205807e+02   4.4327615e+01   2.5000000e+02
   1.4322611e+02   4.4562357e+01   2.5000000e+02
   1.4430109e+02   4.4969458e+01   2.5000000e+02
   1.4537325e+02   4.5392327e+01   2.5000000e+02
   1.4648040e+02   4.5779595e+01   2.5000000e+02
   1.4753097e+02   4.6246728e+01   2.5000000e+02
   1.4856367e+02   4.6741674e+01   2.5000000e+02
   1.4957041e+02   4.7270130e+01   2.5000000e+02
   1.5051180e+02   4.7857146e+01   2.5000000e+02
   1.5139762e+02   4.8490895e+01   2.5000000e+02
   1.5226828e+02   4.9140462e+01   2.5000000e+02
   1.5312782e+02   4.9802787e+01   2.5000000e+02
   1.5395011e+02   5.0490097e+01   2.5000000e+02
   1.5474145e+02   5.1197865e+01   2.5000000e+02
   1.5551561e+02   5.1918158e+01   2.5000000e+02
   1.5624734e+02   5.2659979e+01   2.5000000e+02
   1.5696111e+02   5.3412581e+01   2.5000000e+02
   1.5759718e+02   5.4193174e+01   2.5000000e+02
   1.5820400e+02   5.4985000e+01   2.5000000e+02
   1.4484800e+02   1.4530000e+01   3.0000000e+02
   1.4510371e+02   1.5321108e+01   3.0000000e+02
   1.4530737e+02   1.6125772e+01   3.0000000e+02
   1.4543719e+02   1.6945117e+01   3.0000000e+02
   1.4544597e+02   1.7771454e+01   3.0000000e+02
   1.4529562e+02   1.8584446e+01   3.0000000e+02
   1.4498235e+02   1.9357806e+01   3.0000000e+02
   1.4454501e+02   2.0077065e+01   3.0000000e+02
   1.4405801e+02   2.0768811e+01   3.0000000e+02
   1.4346483e+02   2.1384069e+01   3.0000000e+02
   1.4276460e+02   2.1896300e+01   3.0000000e+02
   1.4214446e+02   2.2488801e+01   3.0000000e+02
   1.4172637e+02   2.3222259e+01   3.0000000e+02
   1.4137210e+02   2.3984768e+01   3.0000000e+02
   1.4109229e+02   2.4773143e+01   3.0000000e+02
   1.4083984e+02   2.5569883e+01   3.0000000e+02
   1.4059662e+02   2.6369387e+01   3.0000000e+02
   1.4035177e+02   2.7168910e+01   3.0000000e+02
   1.4010250e+02   2.7967781e+01   3.0000000e+02
   1.3981667e+02   2.8757411e+01   3.0000000e+02
   1.3951251e+02   2.9542564e+01   3.0000000e+02
   1.3920235e+02   3.0326641e+01   3.0000000e+02
   1.3889137e+02   3.1111213e+01   3.0000000e+02
   1.3857406e+02   3.1894686e+01   3.0000000e+02
   1.3824555e+02   3.2675644e+01   3.0000000e+02
   1.3785861e+02   3.3438009e+01   3.0000000e+02
   1.3744386e+02   3.4191854e+01   3.0000000e+02
   1.3701695e+02   3.4942437e+01   3.0000000e+02
   1.3662309e+02   3.5703615e+01   3.0000000e+02
   1.3652108e+02   3.6527751e+01   3.0000000e+02
   1.3666485e+02   3.7344747e+01   3.0000000e+02
   1.3693354e+02   3.8145672e+01   3.0000000e+02
   1.3723455e+02   3.8940386e+01   3.0000000e+02
   1.3740834e+02   3.9755466e+01   3.0000000e+02
   1.3745620e+02   4.0583028e+01   3.0000000e+02
   1.3737836e+02   4.1409795e+01   3.0000000e+02
   1.3729771e+02   4.2236400e+01   3.0000000e+02
   1.3729688e+02   4.3065202e+01   3.0000000e+02
   1.3740681e+02   4.3888796e+01   3.0000000e+02
   1.3815789e+02   4.4456016e+01   3.0000000e+02
   1.3926375e+02   4.4712837e+01   3.0000000e+02
   1.4041018e+02   4.4864136e+01   3.0000000e+02
   1.4157348e+02   4.4954888e+01   3.0000000e+02
   1.4272981e+02   4.5089868e+01   3.0000000e+02
   1.4376561e+02   4.5483723e+01   3.0000000e+02
   1.4483196e+02   4.5845832e+01   3.0000000e+02
   1.4592328e+02   4.6181304e+01   3.0000000e+02
   1.4695858e+02   4.6601247e+01   3.0000000e+02
   1.4797060e+02   4.7056440e+01   3.0000000e+02
   1.4893493e+02   4.7565792e+01   3.0000000e+02
   1.4987871e+02   4.8100107e+01   3.0000000e+02
   1.5074293e+02   4.8696507e+01   3.0000000e+02
   1.5156503e+02   4.9325986e+01   3.0000000e+02
   1.5238774e+02   4.9960970e+01   3.0000000e+02
   1.5320010e+02   5.0607080e+01   3.0000000e+02
   1.5399707e+02   5.1266431e+01   3.0000000e+02
   1.5475845e+02   5.1946858e+01   3.0000000e+02
   1.5549040e+02   5.2644419e+01   3.0000000e+02
   1.5620802e+02   5.3351841e+01   3.0000000e+02
   1.5688300e+02   5.4078000e+01   3.0000000e+02
   1.4525400e+02   1.5725000e+01   3.5000000e+02
   1.4536028e+02   1.6544707e+01   3.5000000e+02
   1.4538643e+02   1.7368990e+01   3.5000000e+02
   1.4528121e+02   1.8188835e+01   3.5000000e+02
   1.4501964e+02   1.8972800e+01   3.5000000e+02
   1.4462618e+02   1.9709763e+01   3.5000000e+02
   1.4414719e+02   2.0402545e+01   3.5000000e+02
   1.4355996e+02   2.1016952e+01   3.5000000e+02
   1.4291042e+02   2.1579228e+01   3.5000000e+02
   1.4229759e+02   2.2176676e+01   3.5000000e+02
   1.4185455e+02   2.2890427e+01   3.5000000e+02
   1.4149483e+02   2.3647531e+01   3.5000000e+02
   1.4117160e+02   2.4419148e+01   3.5000000e+02
   1.4090157e+02   2.5208145e+01   3.5000000e+02
   1.4064030e+02   2.6000030e+01   3.5000000e+02
   1.4038041e+02   2.6792755e+01   3.5000000e+02
   1.4009133e+02   2.7577710e+01   3.5000000e+02
   1.3977884e+02   2.8356448e+01   3.5000000e+02
   1.3945508e+02   2.9132309e+01   3.5000000e+02
   1.3910368e+02   2.9899842e+01   3.5000000e+02
   1.3874402e+02   3.0665443e+01   3.5000000e+02
   1.3837668e+02   3.1429357e+01   3.5000000e+02
   1.3799505e+02   3.2189241e+01   3.5000000e+02
   1.3757144e+02   3.2933600e+01   3.5000000e+02
   1.3708463e+02   3.3652648e+01   3.5000000e+02
   1.3657907e+02   3.4364620e+01   3.5000000e+02
   1.3604399e+02   3.5063971e+01   3.5000000e+02
   1.3559968e+02   3.5804268e+01   3.5000000e+02
   1.3544324e+02   3.6607733e+01   3.5000000e+02
   1.3564901e+02   3.7414906e+01   3.5000000e+02
   1.3597010e+02   3.8201033e+01   3.5000000e+02
   1.3623702e+02   3.9000403e+01   3.5000000e+02
   1.3640713e+02   3.9813396e+01   3.5000000e+02
   1.3641098e+02   4.0639503e+01   3.5000000e+02
   1.3632277e+02   4.1461875e+01   3.5000000e+02
   1.3616088e+02   4.2279232e+01   3.5000000e+02
   1.3602055e+02   4.3098531e+01   3.5000000e+02
   1.3601921e+02   4.3924633e+01   3.5000000e+02
   1.3607418e+02   4.4749659e+01   3.5000000e+02
   1.3679374e+02   4.5291280e+01   3.5000000e+02
   1.3793184e+02   4.5479159e+01   3.5000000e+02
   1.3908178e+02   4.5653612e+01   3.5000000e+02
   1.4026137e+02   4.5712253e+01   3.5000000e+02
   1.4144344e+02   4.5754086e+01   3.5000000e+02
   1.4261242e+02   4.5866905e+01   3.5000000e+02
   1.4372058e+02   4.6167147e+01   3.5000000e+02
   1.4482154e+02   4.6490561e+01   3.5000000e+02
   1.4591812e+02   4.6831321e+01   3.5000000e+02
   1.4698005e+02   4.7229284e+01   3.5000000e+02
   1.4799636e+02   4.7685381e+01   3.5000000e+02
   1.4895478e+02   4.8205237e+01   3.5000000e+02
   1.4987586e+02   4.8760711e+01   3.5000000e+02
   1.5070258e+02   4.9384564e+01   3.5000000e+02
   1.5151749e+02   5.0020821e+01   3.5000000e+02
   1.5233700e+02   5.0660378e+01   3.5000000e+02
   1.5315553e+02   5.1306165e+01   3.5000000e+02
   1.5396700e+02   5.1960997e+01   3.5000000e+02
   1.5473529e+02   5.2640593e+01   3.5000000e+02
   1.5550512e+02   5.3324545e+01   3.5000000e+02
   1.5629600e+02   5.4005000e+01   3.5000000e+02
   1.4521400e+02   1.5621000e+01   4.0000000e+02
   1.4533490e+02   1.6459045e+01   4.0000000e+02
   1.4533104e+02   1.7302604e+01   4.0000000e+02
   1.4520243e+02   1.8139720e+01   4.0000000e+02
   1.4490040e+02   1.8935841e+01   4.0000000e+02
   1.4448630e+02   1.9684652e+01   4.0000000e+02
   1.4398103e+02   2.0383857e+01   4.0000000e+02
   1.4338793e+02   2.1022904e+01   4.0000000e+02
   1.4279501e+02   2.1663892e+01   4.0000000e+02
   1.4223586e+02   2.2332689e+01   4.0000000e+02
   1.4176460e+02   2.3054796e+01   4.0000000e+02
   1.4139866e+02   2.3831546e+01   4.0000000e+02
   1.4107548e+02   2.4624589e+01   4.0000000e+02
   1.4078713e+02   2.5429527e+01   4.0000000e+02
   1.4049806e+02   2.6234826e+01   4.0000000e+02
   1.4020026e+02   2.7038157e+01   4.0000000e+02
   1.3986892e+02   2.7831423e+01   4.0000000e+02
   1.3950561e+02   2.8614829e+01   4.0000000e+02
   1.3912699e+02   2.9393643e+01   4.0000000e+02
   1.3869602e+02   3.0152712e+01   4.0000000e+02
   1.3824809e+02   3.0905933e+01   4.0000000e+02
   1.3777262e+02   3.1648076e+01   4.0000000e+02
   1.3725797e+02   3.2373168e+01   4.0000000e+02
   1.3670949e+02   3.3082151e+01   4.0000000e+02
   1.3610185e+02   3.3759635e+01   4.0000000e+02
   1.3548099e+02   3.4431855e+01   4.0000000e+02
   1.3485926e+02   3.5106648e+01   4.0000000e+02
   1.3433246e+02   3.5826555e+01   4.0000000e+02
   1.3430810e+02   3.6670996e+01   4.0000000e+02
   1.3457994e+02   3.7483725e+01   4.0000000e+02
   1.3495215e+02   3.8276716e+01   4.0000000e+02
   1.3520212e+02   3.9100091e+01   4.0000000e+02
   1.3535900e+02   3.9935372e+01   4.0000000e+02
   1.3532790e+02   4.0781217e+01   4.0000000e+02
   1.3522158e+02   4.1623047e+01   4.0000000e+02
   1.3500622e+02   4.2454081e+01   4.0000000e+02
   1.3480707e+02   4.3287591e+01   4.0000000e+02
   1.3466624e+02   4.4127201e+01   4.0000000e+02
   1.3474818e+02   4.4971174e+01   4.0000000e+02
   1.3494377e+02   4.5805890e+01   4.0000000e+02
   1.3584142e+02   4.6065555e+01   4.0000000e+02
   1.3704747e+02   4.6195176e+01   4.0000000e+02
   1.3826095e+02   4.6298867e+01   4.0000000e+02
   1.3948207e+02   4.6372079e+01   4.0000000e+02
   1.4070296e+02   4.6457542e+01   4.0000000e+02
   1.4191877e+02   4.6585002e+01   4.0000000e+02
   1.4313143e+02   4.6737995e+01   4.0000000e+02
   1.4431739e+02   4.6970754e+01   4.0000000e+02
   1.4546492e+02   4.7297263e+01   4.0000000e+02
   1.4656688e+02   4.7696688e+01   4.0000000e+02
   1.4762689e+02   4.8156567e+01   4.0000000e+02
   1.4866146e+02   4.8650729e+01   4.0000000e+02
   1.4957773e+02   4.9243339e+01   4.0000000e+02
   1.5044897e+02   4.9873203e+01   4.0000000e+02
   1.5130729e+02   5.0516812e+01   4.0000000e+02
   1.5216131e+02   5.1169010e+01   4.0000000e+02
   1.5300538e+02   5.1832277e+01   4.0000000e+02
   1.5382087e+02   5.2514976e+01   4.0000000e+02
   1.5464442e+02   5.3199778e+01   4.0000000e+02
   1.5551800e+02   5.3868000e+01   4.0000000e+02
   1.4517500e+02   1.5336000e+01   4.5000000e+02
   1.4533738e+02   1.6198233e+01   4.5000000e+02
   1.4534537e+02   1.7072816e+01   4.5000000e+02
   1.4521618e+02   1.7938161e+01   4.5000000e+02
   1.4493535e+02   1.8772239e+01   4.5000000e+02
   1.4450142e+02   1.9546424e+01   4.5000000e+02
   1.4398416e+02   2.0275316e+01   4.5000000e+02
   1.4342526e+02   2.0978678e+01   4.5000000e+02
   1.4285156e+02   2.1673463e+01   4.5000000e+02
   1.4229130e+02   2.2379499e+01   4.5000000e+02
   1.4184433e+02   2.3152341e+01   4.5000000e+02
   1.4144805e+02   2.3949601e+01   4.5000000e+02
   1.4109312e+02   2.4764311e+01   4.5000000e+02
   1.4074410e+02   2.5581957e+01   4.5000000e+02
   1.4038940e+02   2.6398391e+01   4.5000000e+02
   1.4000458e+02   2.7204826e+01   4.5000000e+02
   1.3960845e+02   2.8008011e+01   4.5000000e+02
   1.3916757e+02   2.8793705e+01   4.5000000e+02
   1.3868864e+02   2.9564070e+01   4.5000000e+02
   1.3816768e+02   3.0314744e+01   4.5000000e+02
   1.3757939e+02   3.1030490e+01   4.5000000e+02
   1.3697017e+02   3.1736028e+01   4.5000000e+02
   1.3633781e+02   3.2429748e+01   4.5000000e+02
   1.3568787e+02   3.3115018e+01   4.5000000e+02
   1.3501725e+02   3.3789752e+01   4.5000000e+02
   1.3434088e+02   3.4464177e+01   4.5000000e+02
   1.3365079e+02   3.5132869e+01   4.5000000e+02
   1.3307650e+02   3.5868442e+01   4.5000000e+02
   1.3284756e+02   3.6707982e+01   4.5000000e+02
   1.3308609e+02   3.7562497e+01   4.5000000e+02
   1.3350573e+02   3.8374199e+01   4.5000000e+02
   1.3385492e+02   3.9205612e+01   4.5000000e+02
   1.3408569e+02   4.0063374e+01   4.5000000e+02
   1.3407021e+02   4.0939648e+01   4.5000000e+02
   1.3392755e+02   4.1808533e+01   4.5000000e+02
   1.3371641e+02   4.2671023e+01   4.5000000e+02
   1.3351662e+02   4.3535317e+01   4.5000000e+02
   1.3335017e+02   4.4403569e+01   4.5000000e+02
   1.3334758e+02   4.5279530e+01   4.5000000e+02
   1.3344034e+02   4.6153480e+01   4.5000000e+02
   1.3392702e+02   4.6914160e+01   4.5000000e+02
   1.3520455e+02   4.6953371e+01   4.5000000e+02
   1.3648817e+02   4.6935153e+01   4.5000000e+02
   1.3777161e+02   4.6923903e+01   4.5000000e+02
   1.3905498e+02   4.6924000e+01   4.5000000e+02
   1.4033609e+02   4.6980344e+01   4.5000000e+02
   1.4161561e+02   4.7065915e+01   4.5000000e+02
   1.4288061e+02   4.7226644e+01   4.5000000e+02
   1.4413174e+02   4.7448573e+01   4.5000000e+02
   1.4535130e+02   4.7749538e+01   4.5000000e+02
   1.4654175e+02   4.8111614e+01   4.5000000e+02
   1.4764844e+02   4.8588037e+01   4.5000000e+02
   1.4867337e+02   4.9144469e+01   4.5000000e+02
   1.4961481e+02   4.9771916e+01   4.5000000e+02
   1.5051306e+02   5.0432313e+01   4.5000000e+02
   1.5139868e+02   5.1106531e+01   4.5000000e+02
   1.5228033e+02   5.1789447e+01   4.5000000e+02
   1.5314212e+02   5.2488055e+01   4.5000000e+02
   1.5394347e+02   5.3218912e+01   4.5000000e+02
   1.5477300e+02   5.3944000e+01   4.5000000e+02
   1.4519600e+02   1.5051000e+01   5.0000000e+02
   1.4533944e+02   1.5940308e+01   5.0000000e+02
   1.4539883e+02   1.6837181e+01   5.0000000e+02
   1.4532478e+02   1.7734291e+01   5.0000000e+02
   1.4504943e+02   1.8591968e+01   5.0000000e+02
   1.4464369e+02   1.9404682e+01   5.0000000e+02
   1.4414956e+02   2.0175432e+01   5.0000000e+02
   1.4361380e+02   2.0922835e+01   5.0000000e+02
   1.4307534e+02   2.1670226e+01   5.0000000e+02
   1.4255945e+02   2.2432182e+01   5.0000000e+02
   1.4209996e+02   2.3226482e+01   5.0000000e+02
   1.4165140e+02   2.4027338e+01   5.0000000e+02
   1.4121701e+02   2.4835889e+01   5.0000000e+02
   1.4078978e+02   2.5648876e+01   5.0000000e+02
   1.4034056e+02   2.6453270e+01   5.0000000e+02
   1.3985441e+02   2.7242025e+01   5.0000000e+02
   1.3932098e+02   2.8007680e+01   5.0000000e+02
   1.3874974e+02   2.8754469e+01   5.0000000e+02
   1.3815831e+02   2.9491603e+01   5.0000000e+02
   1.3753900e+02   3.0213647e+01   5.0000000e+02
   1.3688055e+02   3.0912822e+01   5.0000000e+02
   1.3621002e+02   3.1606904e+01   5.0000000e+02
   1.3552951e+02   3.2297486e+01   5.0000000e+02
   1.3483894e+02   3.2984610e+01   5.0000000e+02
   1.3413252e+02   3.3664093e+01   5.0000000e+02
   1.3338286e+02   3.4315190e+01   5.0000000e+02
   1.3262038e+02   3.4960718e+01   5.0000000e+02
   1.3190413e+02   3.5642394e+01   5.0000000e+02
   1.3145542e+02   3.6464788e+01   5.0000000e+02
   1.3148387e+02   3.7355562e+01   5.0000000e+02
   1.3174811e+02   3.8228989e+01   5.0000000e+02
   1.3217672e+02   3.9064567e+01   5.0000000e+02
   1.3255603e+02   3.9914432e+01   5.0000000e+02
   1.3281829e+02   4.0791824e+01   5.0000000e+02
   1.3279033e+02   4.1691280e+01   5.0000000e+02
   1.3260270e+02   4.2579004e+01   5.0000000e+02
   1.3234304e+02   4.3458896e+01   5.0000000e+02
   1.3213289e+02   4.4345542e+01   5.0000000e+02
   1.3206140e+02   4.5244146e+01   5.0000000e+02
   1.3212734e+02   4.6142374e+01   5.0000000e+02
   1.3238743e+02   4.7021081e+01   5.0000000e+02
   1.3330240e+02   4.7618750e+01   5.0000000e+02
   1.3462836e+02   4.7642999e+01   5.0000000e+02
   1.3595617e+02   4.7550533e+01   5.0000000e+02
   1.3728478e+02   4.7485033e+01   5.0000000e+02
   1.3861571e+02   4.7456773e+01   5.0000000e+02
   1.3994659e+02   4.7466596e+01   5.0000000e+02
   1.4127568e+02   4.7520824e+01   5.0000000e+02
   1.4259376e+02   4.7661824e+01   5.0000000e+02
   1.4390273e+02   4.7848290e+01   5.0000000e+02
   1.4519188e+02   4.8103512e+01   5.0000000e+02
   1.4642138e+02   4.8471729e+01   5.0000000e+02
   1.4758841e+02   4.8937175e+01   5.0000000e+02
   1.4863015e+02   4.9525116e+01   5.0000000e+02
   1.4961272e+02   5.0163689e+01   5.0000000e+02
   1.5053640e+02   5.0845668e+01   5.0000000e+02
   1.5145013e+02   5.1540180e+01   5.0000000e+02
   1.5235333e+02   5.2246951e+01   5.0000000e+02
   1.5317380e+02   5.2996288e+01   5.0000000e+02
   1.5395600e+02   5.3766000e+01   5.0000000e+02
   1.4527200e+02   1.5335000e+01   5.5000000e+02
   1.4545328e+02   1.6230260e+01   5.5000000e+02
   1.4548231e+02   1.7140664e+01   5.5000000e+02
   1.4537268e+02   1.8043387e+01   5.5000000e+02
   1.4506864e+02   1.8908745e+01   5.5000000e+02
   1.4462272e+02   1.9717653e+01   5.5000000e+02
   1.4414010e+02   2.0509460e+01   5.5000000e+02
   1.4364160e+02   2.1293999e+01   5.5000000e+02
   1.4313596e+02   2.2076057e+01   5.5000000e+02
   1.4262962e+02   2.2859275e+01   5.5000000e+02
   1.4214506e+02   2.3655601e+01   5.5000000e+02
   1.4165940e+02   2.4452913e+01   5.5000000e+02
   1.4115271e+02   2.5240729e+01   5.5000000e+02
   1.4061285e+02   2.6012370e+01   5.5000000e+02
   1.4005215e+02   2.6773964e+01   5.5000000e+02
   1.3942801e+02   2.7497733e+01   5.5000000e+02
   1.3874686e+02   2.8181545e+01   5.5000000e+02
   1.3801009e+02   2.8824325e+01   5.5000000e+02
   1.3732162e+02   2.9509960e+01   5.5000000e+02
   1.3664739e+02   3.0210278e+01   5.5000000e+02
   1.3595764e+02   3.0902807e+01   5.5000000e+02
   1.3525788e+02   3.1591621e+01   5.5000000e+02
   1.3452894e+02   3.2261749e+01   5.5000000e+02
   1.3376322e+02   3.2906815e+01   5.5000000e+02
   1.3298621e+02   3.3547067e+01   5.5000000e+02
   1.3217581e+02   3.4162909e+01   5.5000000e+02
   1.3137649e+02   3.4793719e+01   5.5000000e+02
   1.3072618e+02   3.5530372e+01   5.5000000e+02
   1.3033732e+02   3.6376862e+01   5.5000000e+02
   1.3025549e+02   3.7282862e+01   5.5000000e+02
   1.3046936e+02   3.8179128e+01   5.5000000e+02
   1.3086548e+02   3.9036689e+01   5.5000000e+02
   1.3128534e+02   3.9889505e+01   5.5000000e+02
   1.3163214e+02   4.0760175e+01   5.5000000e+02
   1.3175569e+02   4.1665570e+01   5.5000000e+02
   1.3158772e+02   4.2569131e+01   5.5000000e+02
   1.3133116e+02   4.3461880e+01   5.5000000e+02
   1.3113320e+02   4.4362689e+01   5.5000000e+02
   1.3099277e+02   4.5269378e+01   5.5000000e+02
   1.3095359e+02   4.6181177e+01   5.5000000e+02
   1.3110373e+02   4.7084678e+01   5.5000000e+02
   1.3161569e+02   4.7916487e+01   5.5000000e+02
   1.3278229e+02   4.8300387e+01   5.5000000e+02
   1.3414099e+02   4.8197974e+01   5.5000000e+02
   1.3549545e+02   4.8077288e+01   5.5000000e+02
   1.3685293e+02   4.7986407e+01   5.5000000e+02
   1.3821297e+02   4.7935119e+01   5.5000000e+02
   1.3957376e+02   4.7910029e+01   5.5000000e+02
   1.4093198e+02   4.7971513e+01   5.5000000e+02
   1.4228697e+02   4.8074221e+01   5.5000000e+02
   1.4363628e+02   4.8221342e+01   5.5000000e+02
   1.4495764e+02   4.8465781e+01   5.5000000e+02
   1.4623330e+02   4.8807530e+01   5.5000000e+02
   1.4743176e+02   4.9270810e+01   5.5000000e+02
   1.4851708e+02   4.9850235e+01   5.5000000e+02
   1.4955052e+02   5.0477114e+01   5.5000000e+02
   1.5048139e+02   5.1174583e+01   5.5000000e+02
   1.5139999e+02   5.1885769e+01   5.5000000e+02
   1.5230888e+02   5.2608698e+01   5.5000000e+02
   1.5316000e+02   5.3363000e+01   5.5000000e+02
