   1.2367100e+02   7.1090000e+00   0.0000000e+00
   1.2367100e+02   7.0709619e+00   0.0000000e+00
   1.2367100e+02   7.0329237e+00   0.0000000e+00
   1.2367135e+02   6.9948876e+00   0.0000000e+00
   1.2367180e+02   6.9568521e+00   0.0000000e+00
   1.2367250e+02   6.9188210e+00   0.0000000e+00
   1.2367339e+02   6.8807932e+00   0.0000000e+00
   1.2367517e+02   6.8428178e+00   0.0000000e+00
   1.2367882e+02   6.8049526e+00   0.0000000e+00
   1.2368265e+02   6.7671073e+00   0.0000000e+00
   1.2368765e+02   6.7293944e+00   0.0000000e+00
   1.2369264e+02   6.6916815e+00   0.0000000e+00
   1.2369770e+02   6.6539760e+00   0.0000000e+00
   1.2370276e+02   6.6162711e+00   0.0000000e+00
   1.2370883e+02   6.5787188e+00   0.0000000e+00
   1.2371523e+02   6.5412163e+00   0.0000000e+00
   1.2372214e+02   6.5038044e+00   0.0000000e+00
   1.2372942e+02   6.4664616e+00   0.0000000e+00
   1.2373874e+02   6.4296669e+00   0.0000000e+00
   1.2375148e+02   6.3937985e+00   0.0000000e+00
   1.2376453e+02   6.3580459e+00   0.0000000e+00
   1.2377851e+02   6.3226355e+00   0.0000000e+00
   1.2379257e+02   6.2872566e+00   0.0000000e+00
   1.2380728e+02   6.2521415e+00   0.0000000e+00
   1.2382199e+02   6.2170263e+00   0.0000000e+00
   1.2383845e+02   6.1826889e+00   0.0000000e+00
   1.2385491e+02   6.1483521e+00   0.0000000e+00
   1.2387685e+02   6.1172815e+00   0.0000000e+00
   1.2389958e+02   6.0866850e+00   0.0000000e+00
   1.2392303e+02   6.0566484e+00   0.0000000e+00
   1.2394701e+02   6.0270083e+00   0.0000000e+00
   1.2397133e+02   5.9976594e+00   0.0000000e+00
   1.2399650e+02   5.9690188e+00   0.0000000e+00
   1.2402167e+02   5.9403782e+00   0.0000000e+00
   1.2404839e+02   5.9131733e+00   0.0000000e+00
   1.2407514e+02   5.8859875e+00   0.0000000e+00
   1.2410265e+02   5.8595770e+00   0.0000000e+00
   1.2413048e+02   5.8334889e+00   0.0000000e+00
   1.2416081e+02   5.8109156e+00   0.0000000e+00
   1.2419479e+02   5.7934786e+00   0.0000000e+00
   1.2422890e+02   5.7763182e+00   0.0000000e+00
   1.2426367e+02   5.7605117e+00   0.0000000e+00
   1.2429845e+02   5.7447053e+00   0.0000000e+00
   1.2433361e+02   5.7297800e+00   0.0000000e+00
   1.2436879e+02   5.7148958e+00   0.0000000e+00
   1.2440425e+02   5.7006979e+00   0.0000000e+00
   1.2443982e+02   5.6867434e+00   0.0000000e+00
   1.2447575e+02   5.6738227e+00   0.0000000e+00
   1.2451204e+02   5.6618689e+00   0.0000000e+00
   1.2454833e+02   5.6499152e+00   0.0000000e+00
   1.2458462e+02   5.6379620e+00   0.0000000e+00
   1.2462090e+02   5.6260087e+00   0.0000000e+00
   1.2465697e+02   5.6134225e+00   0.0000000e+00
   1.2469299e+02   5.6007086e+00   0.0000000e+00
   1.2472813e+02   5.5859343e+00   0.0000000e+00
   1.2476228e+02   5.5688584e+00   0.0000000e+00
   1.2479629e+02   5.5514970e+00   0.0000000e+00
   1.2483021e+02   5.5339863e+00   0.0000000e+00
   1.2486366e+02   5.5155848e+00   0.0000000e+00
   1.2489700e+02   5.4970000e+00   0.0000000e+00
   1.2394400e+02   7.0890000e+00   5.0000000e+01
   1.2394517e+02   7.0597826e+00   5.0000000e+01
   1.2394634e+02   7.0305652e+00   5.0000000e+01
   1.2394800e+02   7.0013765e+00   5.0000000e+01
   1.2395030e+02   6.9722254e+00   5.0000000e+01
   1.2395260e+02   6.9430744e+00   5.0000000e+01
   1.2395524e+02   6.9139525e+00   5.0000000e+01
   1.2395796e+02   6.8848368e+00   5.0000000e+01
   1.2396087e+02   6.8557413e+00   5.0000000e+01
   1.2396436e+02   6.8267062e+00   5.0000000e+01
   1.2396784e+02   6.7976712e+00   5.0000000e+01
   1.2397356e+02   6.7690326e+00   5.0000000e+01
   1.2398040e+02   6.7405921e+00   5.0000000e+01
   1.2398724e+02   6.7121517e+00   5.0000000e+01
   1.2399506e+02   6.6839637e+00   5.0000000e+01
   1.2400300e+02   6.6558073e+00   5.0000000e+01
   1.2401104e+02   6.6276775e+00   5.0000000e+01
   1.2401974e+02   6.5997454e+00   5.0000000e+01
   1.2402845e+02   6.5718133e+00   5.0000000e+01
   1.2403751e+02   6.5439968e+00   5.0000000e+01
   1.2404719e+02   6.5163841e+00   5.0000000e+01
   1.2405687e+02   6.4887714e+00   5.0000000e+01
   1.2406724e+02   6.4614112e+00   5.0000000e+01
   1.2407810e+02   6.4342386e+00   5.0000000e+01
   1.2408897e+02   6.4070659e+00   5.0000000e+01
   1.2410491e+02   6.3826423e+00   5.0000000e+01
   1.2412201e+02   6.3588487e+00   5.0000000e+01
   1.2413922e+02   6.3351319e+00   5.0000000e+01
   1.2415716e+02   6.3119583e+00   5.0000000e+01
   1.2417510e+02   6.2887847e+00   5.0000000e+01
   1.2419341e+02   6.2659052e+00   5.0000000e+01
   1.2421218e+02   6.2433874e+00   5.0000000e+01
   1.2423094e+02   6.2208696e+00   5.0000000e+01
   1.2425050e+02   6.1990375e+00   5.0000000e+01
   1.2427028e+02   6.1773947e+00   5.0000000e+01
   1.2429013e+02   6.1558269e+00   5.0000000e+01
   1.2431068e+02   6.1349067e+00   5.0000000e+01
   1.2433123e+02   6.1139865e+00   5.0000000e+01
   1.2435361e+02   6.0953162e+00   5.0000000e+01
   1.2437845e+02   6.0796646e+00   5.0000000e+01
   1.2440328e+02   6.0640130e+00   5.0000000e+01
   1.2442843e+02   6.0488723e+00   5.0000000e+01
   1.2445391e+02   6.0342678e+00   5.0000000e+01
   1.2447938e+02   6.0196632e+00   5.0000000e+01
   1.2450497e+02   6.0052772e+00   5.0000000e+01
   1.2453067e+02   5.9910746e+00   5.0000000e+01
   1.2455637e+02   5.9768720e+00   5.0000000e+01
   1.2458224e+02   5.9629781e+00   5.0000000e+01
   1.2460823e+02   5.9493018e+00   5.0000000e+01
   1.2463421e+02   5.9356255e+00   5.0000000e+01
   1.2466024e+02   5.9220419e+00   5.0000000e+01
   1.2468630e+02   5.9085057e+00   5.0000000e+01
   1.2471236e+02   5.8949695e+00   5.0000000e+01
   1.2473830e+02   5.8812188e+00   5.0000000e+01
   1.2476419e+02   5.8673790e+00   5.0000000e+01
   1.2478995e+02   5.8532912e+00   5.0000000e+01
   1.2481555e+02   5.8389203e+00   5.0000000e+01
   1.2484122e+02   5.8246772e+00   5.0000000e+01
   1.2486711e+02   5.8108386e+00   5.0000000e+01
   1.2489300e+02   5.7970000e+00   5.0000000e+01
   1.2409200e+02   7.1180000e+00   1.0000000e+02
   1.2409377e+02   7.0953052e+00   1.0000000e+02
   1.2409554e+02   7.0726104e+00   1.0000000e+02
   1.2409731e+02   7.0499156e+00   1.0000000e+02
   1.2409960e+02   7.0272718e+00   1.0000000e+02
   1.2410225e+02   7.0046609e+00   1.0000000e+02
   1.2410489e+02   6.9820500e+00   1.0000000e+02
   1.2410765e+02   6.9594539e+00   1.0000000e+02
   1.2411087e+02   6.9369169e+00   1.0000000e+02
   1.2411409e+02   6.9143798e+00   1.0000000e+02
   1.2411731e+02   6.8918428e+00   1.0000000e+02
   1.2412101e+02   6.8693810e+00   1.0000000e+02
   1.2412485e+02   6.8469398e+00   1.0000000e+02
   1.2412869e+02   6.8244986e+00   1.0000000e+02
   1.2413287e+02   6.8021212e+00   1.0000000e+02
   1.2413756e+02   6.7798404e+00   1.0000000e+02
   1.2414225e+02   6.7575595e+00   1.0000000e+02
   1.2414694e+02   6.7352787e+00   1.0000000e+02
   1.2415481e+02   6.7139041e+00   1.0000000e+02
   1.2416273e+02   6.6925410e+00   1.0000000e+02
   1.2417064e+02   6.6711780e+00   1.0000000e+02
   1.2417870e+02   6.6498737e+00   1.0000000e+02
   1.2418739e+02   6.6288108e+00   1.0000000e+02
   1.2419608e+02   6.6077479e+00   1.0000000e+02
   1.2420477e+02   6.5866850e+00   1.0000000e+02
   1.2421389e+02   6.5658100e+00   1.0000000e+02
   1.2422365e+02   6.5452195e+00   1.0000000e+02
   1.2423342e+02   6.5246290e+00   1.0000000e+02
   1.2424319e+02   6.5040384e+00   1.0000000e+02
   1.2425506e+02   6.4846714e+00   1.0000000e+02
   1.2426829e+02   6.4660879e+00   1.0000000e+02
   1.2428152e+02   6.4475043e+00   1.0000000e+02
   1.2429506e+02   6.4291481e+00   1.0000000e+02
   1.2430900e+02   6.4110874e+00   1.0000000e+02
   1.2432294e+02   6.3930268e+00   1.0000000e+02
   1.2433704e+02   6.3750854e+00   1.0000000e+02
   1.2435152e+02   6.3574526e+00   1.0000000e+02
   1.2436601e+02   6.3398199e+00   1.0000000e+02
   1.2438056e+02   6.3222462e+00   1.0000000e+02
   1.2439572e+02   6.3051879e+00   1.0000000e+02
   1.2441088e+02   6.2881296e+00   1.0000000e+02
   1.2442605e+02   6.2710713e+00   1.0000000e+02
   1.2444183e+02   6.2545786e+00   1.0000000e+02
   1.2445765e+02   6.2381238e+00   1.0000000e+02
   1.2447347e+02   6.2216689e+00   1.0000000e+02
   1.2449148e+02   6.2077193e+00   1.0000000e+02
   1.2451011e+02   6.1944885e+00   1.0000000e+02
   1.2452874e+02   6.1812576e+00   1.0000000e+02
   1.2454740e+02   6.1680768e+00   1.0000000e+02
   1.2456650e+02   6.1555258e+00   1.0000000e+02
   1.2458560e+02   6.1429748e+00   1.0000000e+02
   1.2460470e+02   6.1304238e+00   1.0000000e+02
   1.2462400e+02   6.1181798e+00   1.0000000e+02
   1.2464357e+02   6.1063803e+00   1.0000000e+02
   1.2466315e+02   6.0945808e+00   1.0000000e+02
   1.2468273e+02   6.0827813e+00   1.0000000e+02
   1.2470267e+02   6.0716128e+00   1.0000000e+02
   1.2472278e+02   6.0607419e+00   1.0000000e+02
   1.2474289e+02   6.0498709e+00   1.0000000e+02
   1.2476300e+02   6.0390000e+00   1.0000000e+02
