   1.2149100e+02  -9.9800000e-01   0.0000000e+00
   1.2171633e+02  -9.0717987e-01   0.0000000e+00
   1.2194591e+02  -8.2835363e-01   0.0000000e+00
   1.2218127e+02  -7.6807558e-01   0.0000000e+00
   1.2241750e+02  -7.1137165e-01   0.0000000e+00
   1.2265286e+02  -6.5119444e-01   0.0000000e+00
   1.2288855e+02  -5.9229044e-01   0.0000000e+00
   1.2312807e+02  -5.5560807e-01   0.0000000e+00
   1.2337054e+02  -5.4070590e-01   0.0000000e+00
   1.2361328e+02  -5.3063117e-01   0.0000000e+00
   1.2385599e+02  -5.2002311e-01   0.0000000e+00
   1.2409851e+02  -5.0613365e-01   0.0000000e+00
   1.2434059e+02  -4.8579606e-01   0.0000000e+00
   1.2458185e+02  -4.5743959e-01   0.0000000e+00
   1.2481861e+02  -4.0637769e-01   0.0000000e+00
   1.2504677e+02  -3.2306808e-01   0.0000000e+00
   1.2526767e+02  -2.2216609e-01   0.0000000e+00
   1.2544858e+02  -6.1420063e-02   0.0000000e+00
   1.2561254e+02   1.1774213e-01   0.0000000e+00
   1.2574935e+02   3.1747065e-01   0.0000000e+00
   1.2586508e+02   5.3103696e-01   0.0000000e+00
   1.2597392e+02   7.4821300e-01   0.0000000e+00
   1.2607694e+02   9.6821112e-01   0.0000000e+00
   1.2617670e+02   1.1897162e+00   0.0000000e+00
   1.2627460e+02   1.4120595e+00   0.0000000e+00
   1.2637111e+02   1.6350128e+00   0.0000000e+00
   1.2646417e+02   1.8594291e+00   0.0000000e+00
   1.2655410e+02   2.0851226e+00   0.0000000e+00
   1.2663752e+02   2.3132988e+00   0.0000000e+00
   1.2668713e+02   2.5510026e+00   0.0000000e+00
   1.2672747e+02   2.7905628e+00   0.0000000e+00
   1.2675991e+02   3.0313171e+00   0.0000000e+00
   1.2676300e+02   3.2741712e+00   0.0000000e+00
   1.2675899e+02   3.5170637e+00   0.0000000e+00
   1.2675075e+02   3.7598528e+00   0.0000000e+00
   1.2673172e+02   4.0019208e+00   0.0000000e+00
   1.2670238e+02   4.2430814e+00   0.0000000e+00
   1.2667109e+02   4.4840035e+00   0.0000000e+00
   1.2663729e+02   4.7245880e+00   0.0000000e+00
   1.2660305e+02   4.9650966e+00   0.0000000e+00
   1.2657144e+02   5.2059781e+00   0.0000000e+00
   1.2653535e+02   5.4462250e+00   0.0000000e+00
   1.2648632e+02   5.6838616e+00   0.0000000e+00
   1.2639465e+02   5.9090098e+00   0.0000000e+00
   1.2628991e+02   6.1283124e+00   0.0000000e+00
   1.2617198e+02   6.3410792e+00   0.0000000e+00
   1.2605075e+02   6.5520214e+00   0.0000000e+00
   1.2592127e+02   6.7580478e+00   0.0000000e+00
   1.2579024e+02   6.9632131e+00   0.0000000e+00
   1.2566438e+02   7.1715595e+00   0.0000000e+00
   1.2557029e+02   7.3957345e+00   0.0000000e+00
   1.2549811e+02   7.6272061e+00   0.0000000e+00
   1.2549218e+02   7.8700096e+00   0.0000000e+00
   1.2550057e+02   8.1127746e+00   0.0000000e+00
   1.2551890e+02   8.3549940e+00   0.0000000e+00
   1.2553117e+02   8.5975870e+00   0.0000000e+00
   1.2548546e+02   8.8343906e+00   0.0000000e+00
   1.2540347e+02   9.0632602e+00   0.0000000e+00
   1.2529015e+02   9.2788513e+00   0.0000000e+00
   1.2516500e+02   9.4880000e+00   0.0000000e+00
   1.2149100e+02  -5.9300000e-01   5.0000000e+01
   1.2170408e+02  -5.1747783e-01   5.0000000e+01
   1.2191901e+02  -4.4741101e-01   5.0000000e+01
   1.2213697e+02  -3.8799402e-01   5.0000000e+01
   1.2235773e+02  -3.3927279e-01   5.0000000e+01
   1.2257936e+02  -2.9472761e-01   5.0000000e+01
   1.2280181e+02  -2.5464877e-01   5.0000000e+01
   1.2302637e+02  -2.2862098e-01   5.0000000e+01
   1.2325103e+02  -2.0344133e-01   5.0000000e+01
   1.2347578e+02  -1.7917440e-01   5.0000000e+01
   1.2369985e+02  -1.4926674e-01   5.0000000e+01
   1.2392348e+02  -1.1619435e-01   5.0000000e+01
   1.2414648e+02  -7.9091755e-02   5.0000000e+01
   1.2436687e+02  -2.9436881e-02   5.0000000e+01
   1.2458374e+02   3.4245978e-02   5.0000000e+01
   1.2478628e+02   1.3312128e-01   5.0000000e+01
   1.2497721e+02   2.5402701e-01   5.0000000e+01
   1.2513245e+02   4.1781544e-01   5.0000000e+01
   1.2527526e+02   5.9303836e-01   5.0000000e+01
   1.2540311e+02   7.7905286e-01   5.0000000e+01
   1.2550909e+02   9.7871935e-01   5.0000000e+01
   1.2560983e+02   1.1810913e+00   5.0000000e+01
   1.2570587e+02   1.3857502e+00   5.0000000e+01
   1.2579770e+02   1.5923209e+00   5.0000000e+01
   1.2588557e+02   1.8006251e+00   5.0000000e+01
   1.2597037e+02   2.0101871e+00   5.0000000e+01
   1.2605239e+02   2.2208572e+00   5.0000000e+01
   1.2611698e+02   2.4374439e+00   5.0000000e+01
   1.2617528e+02   2.6558610e+00   5.0000000e+01
   1.2622834e+02   2.8755914e+00   5.0000000e+01
   1.2625497e+02   3.1000746e+00   5.0000000e+01
   1.2627578e+02   3.3251741e+00   5.0000000e+01
   1.2628507e+02   3.5508761e+00   5.0000000e+01
   1.2627933e+02   3.7768644e+00   5.0000000e+01
   1.2627022e+02   4.0027417e+00   5.0000000e+01
   1.2625790e+02   4.2284684e+00   5.0000000e+01
   1.2624108e+02   4.4539044e+00   5.0000000e+01
   1.2622078e+02   4.6790559e+00   5.0000000e+01
   1.2619844e+02   4.9040117e+00   5.0000000e+01
   1.2616788e+02   5.1279120e+00   5.0000000e+01
   1.2612420e+02   5.3497343e+00   5.0000000e+01
   1.2607429e+02   5.5702613e+00   5.0000000e+01
   1.2600853e+02   5.7859429e+00   5.0000000e+01
   1.2590433e+02   5.9868347e+00   5.0000000e+01
   1.2579328e+02   6.1840914e+00   5.0000000e+01
   1.2567995e+02   6.3800858e+00   5.0000000e+01
   1.2556764e+02   6.5766840e+00   5.0000000e+01
   1.2545741e+02   6.7744652e+00   5.0000000e+01
   1.2535577e+02   6.9765544e+00   5.0000000e+01
   1.2526963e+02   7.1858122e+00   5.0000000e+01
   1.2521727e+02   7.4050237e+00   5.0000000e+01
   1.2518817e+02   7.6292002e+00   5.0000000e+01
   1.2518001e+02   7.8547611e+00   5.0000000e+01
   1.2518854e+02   8.0806645e+00   5.0000000e+01
   1.2519600e+02   8.3065802e+00   5.0000000e+01
   1.2519458e+02   8.5326333e+00   5.0000000e+01
   1.2517451e+02   8.7572676e+00   5.0000000e+01
   1.2512618e+02   8.9781992e+00   5.0000000e+01
   1.2506332e+02   9.1955374e+00   5.0000000e+01
   1.2499400e+02   9.4110000e+00   5.0000000e+01
   1.2157600e+02  -3.9900000e-01   1.0000000e+02
   1.2178560e+02  -3.3853612e-01   1.0000000e+02
   1.2199605e+02  -2.8106989e-01   1.0000000e+02
   1.2220749e+02  -2.2768483e-01   1.0000000e+02
   1.2242162e+02  -1.8598478e-01   1.0000000e+02
   1.2263617e+02  -1.4658085e-01   1.0000000e+02
   1.2285107e+02  -1.0906193e-01   1.0000000e+02
   1.2306651e+02  -7.4975954e-02   1.0000000e+02
   1.2328245e+02  -4.4047583e-02   1.0000000e+02
   1.2349837e+02  -1.2933913e-02   1.0000000e+02
   1.2371380e+02   2.1347595e-02   1.0000000e+02
   1.2392723e+02   6.5967210e-02   1.0000000e+02
   1.2413849e+02   1.2027505e-01   1.0000000e+02
   1.2434753e+02   1.8256943e-01   1.0000000e+02
   1.2455252e+02   2.5707349e-01   1.0000000e+02
   1.2472817e+02   3.8559392e-01   1.0000000e+02
   1.2489298e+02   5.2845452e-01   1.0000000e+02
   1.2504898e+02   6.8091464e-01   1.0000000e+02
   1.2517422e+02   8.5867214e-01   1.0000000e+02
   1.2528447e+02   1.0469039e+00   1.0000000e+02
   1.2538879e+02   1.2384787e+00   1.0000000e+02
   1.2548365e+02   1.4348788e+00   1.0000000e+02
   1.2557229e+02   1.6342072e+00   1.0000000e+02
   1.2565732e+02   1.8351186e+00   1.0000000e+02
   1.2573916e+02   2.0373453e+00   1.0000000e+02
   1.2580502e+02   2.2453161e+00   1.0000000e+02
   1.2586623e+02   2.4547074e+00   1.0000000e+02
   1.2592383e+02   2.6651199e+00   1.0000000e+02
   1.2597282e+02   2.8775442e+00   1.0000000e+02
   1.2600030e+02   3.0939520e+00   1.0000000e+02
   1.2602262e+02   3.3109564e+00   1.0000000e+02
   1.2604078e+02   3.5283483e+00   1.0000000e+02
   1.2604656e+02   3.7462780e+00   1.0000000e+02
   1.2604326e+02   3.9643990e+00   1.0000000e+02
   1.2603682e+02   4.1824474e+00   1.0000000e+02
   1.2602810e+02   4.4004197e+00   1.0000000e+02
   1.2601441e+02   4.6181276e+00   1.0000000e+02
   1.2599629e+02   4.8355283e+00   1.0000000e+02
   1.2597430e+02   5.0525688e+00   1.0000000e+02
   1.2594686e+02   5.2689875e+00   1.0000000e+02
   1.2590766e+02   5.4832303e+00   1.0000000e+02
   1.2584131e+02   5.6911282e+00   1.0000000e+02
   1.2576586e+02   5.8959232e+00   1.0000000e+02
   1.2566424e+02   6.0887116e+00   1.0000000e+02
   1.2555191e+02   6.2761069e+00   1.0000000e+02
   1.2544952e+02   6.4689839e+00   1.0000000e+02
   1.2535489e+02   6.6658293e+00   1.0000000e+02
   1.2526469e+02   6.8647237e+00   1.0000000e+02
   1.2518574e+02   7.0680364e+00   1.0000000e+02
   1.2512765e+02   7.2784043e+00   1.0000000e+02
   1.2509327e+02   7.4933334e+00   1.0000000e+02
   1.2507685e+02   7.7108596e+00   1.0000000e+02
   1.2507229e+02   7.9288500e+00   1.0000000e+02
   1.2507490e+02   8.1469838e+00   1.0000000e+02
   1.2507800e+02   8.3651028e+00   1.0000000e+02
   1.2507675e+02   8.5831776e+00   1.0000000e+02
   1.2505141e+02   8.7998708e+00   1.0000000e+02
   1.2501864e+02   9.0155233e+00   1.0000000e+02
   1.2497225e+02   9.2287968e+00   1.0000000e+02
   1.2492100e+02   9.4410000e+00   1.0000000e+02
   1.2168100e+02  -1.5000000e-01   1.5000000e+02
   1.2188297e+02  -1.1104031e-01   1.5000000e+02
   1.2208475e+02  -7.1195242e-02   1.5000000e+02
   1.2228671e+02  -3.2181288e-02   1.5000000e+02
   1.2248851e+02   7.6093883e-03   1.5000000e+02
   1.2269060e+02   4.5879881e-02   1.5000000e+02
   1.2289269e+02   8.4169784e-02   1.5000000e+02
   1.2309451e+02   1.2388100e-01   1.5000000e+02
   1.2329602e+02   1.6509985e-01   1.5000000e+02
   1.2349719e+02   2.0793511e-01   1.5000000e+02
   1.2369567e+02   2.6162763e-01   1.5000000e+02
   1.2389211e+02   3.2256401e-01   1.5000000e+02
   1.2408598e+02   3.9125789e-01   1.5000000e+02
   1.2426794e+02   4.8507961e-01   1.5000000e+02
   1.2443716e+02   6.0197423e-01   1.5000000e+02
   1.2459938e+02   7.2840352e-01   1.5000000e+02
   1.2473427e+02   8.8268620e-01   1.5000000e+02
   1.2485573e+02   1.0486768e+00   1.5000000e+02
   1.2497044e+02   1.2193926e+00   1.5000000e+02
   1.2507590e+02   1.3957921e+00   1.5000000e+02
   1.2516484e+02   1.5812590e+00   1.5000000e+02
   1.2524928e+02   1.7688273e+00   1.5000000e+02
   1.2532897e+02   1.9584638e+00   1.5000000e+02
   1.2539004e+02   2.1547442e+00   1.5000000e+02
   1.2544419e+02   2.3531840e+00   1.5000000e+02
   1.2549446e+02   2.5526406e+00   1.5000000e+02
   1.2554135e+02   2.7529238e+00   1.5000000e+02
   1.2557761e+02   2.9552615e+00   1.5000000e+02
   1.2560611e+02   3.1589671e+00   1.5000000e+02
   1.2563083e+02   3.3631691e+00   1.5000000e+02
   1.2565363e+02   3.5675898e+00   1.5000000e+02
   1.2567353e+02   3.7723157e+00   1.5000000e+02
   1.2568797e+02   3.9774355e+00   1.5000000e+02
   1.2569077e+02   4.1831026e+00   1.5000000e+02
   1.2569194e+02   4.3887838e+00   1.5000000e+02
   1.2568930e+02   4.5944538e+00   1.5000000e+02
   1.2568406e+02   4.8000734e+00   1.5000000e+02
   1.2567058e+02   5.0052347e+00   1.5000000e+02
   1.2564509e+02   5.2093466e+00   1.5000000e+02
   1.2561523e+02   5.4128673e+00   1.5000000e+02
   1.2556818e+02   5.6125483e+00   1.5000000e+02
   1.2549617e+02   5.8053483e+00   1.5000000e+02
   1.2542013e+02   5.9966204e+00   1.5000000e+02
   1.2534326e+02   6.1875782e+00   1.5000000e+02
   1.2526835e+02   6.3793144e+00   1.5000000e+02
   1.2519495e+02   6.5716359e+00   1.5000000e+02
   1.2512367e+02   6.7647427e+00   1.5000000e+02
   1.2506447e+02   6.9615608e+00   1.5000000e+02
   1.2502092e+02   7.1626445e+00   1.5000000e+02
   1.2498313e+02   7.3648838e+00   1.5000000e+02
   1.2496561e+02   7.5697243e+00   1.5000000e+02
   1.2495527e+02   7.7751536e+00   1.5000000e+02
   1.2494766e+02   7.9807015e+00   1.5000000e+02
   1.2494500e+02   8.1863564e+00   1.5000000e+02
   1.2494500e+02   8.3920448e+00   1.5000000e+02
   1.2494430e+02   8.5977293e+00   1.5000000e+02
   1.2493390e+02   8.8029573e+00   1.5000000e+02
   1.2491161e+02   9.0074604e+00   1.5000000e+02
   1.2488494e+02   9.2114458e+00   1.5000000e+02
   1.2485500e+02   9.4150000e+00   1.5000000e+02
   1.2168400e+02   4.0000000e-02   2.0000000e+02
   1.2187855e+02   7.0685350e-02   2.0000000e+02
   1.2207299e+02   1.0207184e-01   2.0000000e+02
   1.2226700e+02   1.3602448e-01   2.0000000e+02
   1.2246082e+02   1.7099005e-01   2.0000000e+02
   1.2265402e+02   2.0919973e-01   2.0000000e+02
   1.2284644e+02   2.5122356e-01   2.0000000e+02
   1.2303814e+02   2.9645244e-01   2.0000000e+02
   1.2322906e+02   3.4484099e-01   2.0000000e+02
   1.2341893e+02   3.9721234e-01   2.0000000e+02
   1.2360730e+02   4.5469549e-01   2.0000000e+02
   1.2378519e+02   5.3883545e-01   2.0000000e+02
   1.2395866e+02   6.3210812e-01   2.0000000e+02
   1.2412653e+02   7.3469209e-01   2.0000000e+02
   1.2426985e+02   8.6976998e-01   2.0000000e+02
   1.2440666e+02   1.0114255e+00   2.0000000e+02
   1.2453430e+02   1.1611257e+00   2.0000000e+02
   1.2464097e+02   1.3267080e+00   2.0000000e+02
   1.2474173e+02   1.4959440e+00   2.0000000e+02
   1.2483686e+02   1.6684139e+00   2.0000000e+02
   1.2491891e+02   1.8470177e+00   2.0000000e+02
   1.2498319e+02   2.0331949e+00   2.0000000e+02
   1.2504287e+02   2.2208963e+00   2.0000000e+02
   1.2509918e+02   2.4096386e+00   2.0000000e+02
   1.2515173e+02   2.5994680e+00   2.0000000e+02
   1.2519841e+02   2.7907407e+00   2.0000000e+02
   1.2523354e+02   2.9845426e+00   2.0000000e+02
   1.2526703e+02   3.1786402e+00   2.0000000e+02
   1.2529796e+02   3.3731629e+00   2.0000000e+02
   1.2532646e+02   3.5680538e+00   2.0000000e+02
   1.2535337e+02   3.7631727e+00   2.0000000e+02
   1.2537126e+02   3.9593046e+00   2.0000000e+02
   1.2538701e+02   4.1556333e+00   2.0000000e+02
   1.2540007e+02   4.3521580e+00   2.0000000e+02
   1.2541155e+02   4.5487827e+00   2.0000000e+02
   1.2541443e+02   4.7456574e+00   2.0000000e+02
   1.2541179e+02   4.9425968e+00   2.0000000e+02
   1.2540372e+02   5.1393886e+00   2.0000000e+02
   1.2538121e+02   5.3346641e+00   2.0000000e+02
   1.2533898e+02   5.5270808e+00   2.0000000e+02
   1.2529377e+02   5.7188285e+00   2.0000000e+02
   1.2524315e+02   5.9091968e+00   2.0000000e+02
   1.2518410e+02   6.0971956e+00   2.0000000e+02
   1.2512474e+02   6.2851048e+00   2.0000000e+02
   1.2506502e+02   6.4729032e+00   2.0000000e+02
   1.2501041e+02   6.6621849e+00   2.0000000e+02
   1.2496158e+02   6.8530746e+00   2.0000000e+02
   1.2491638e+02   7.0448522e+00   2.0000000e+02
   1.2488563e+02   7.2390667e+00   2.0000000e+02
   1.2486918e+02   7.4353431e+00   2.0000000e+02
   1.2485724e+02   7.6319430e+00   2.0000000e+02
   1.2484775e+02   7.8286749e+00   2.0000000e+02
   1.2484100e+02   8.0255158e+00   2.0000000e+02
   1.2484100e+02   8.2224746e+00   2.0000000e+02
   1.2484100e+02   8.4194333e+00   2.0000000e+02
   1.2484000e+02   8.6163862e+00   2.0000000e+02
   1.2483837e+02   8.8133353e+00   2.0000000e+02
   1.2482548e+02   9.0098310e+00   2.0000000e+02
   1.2480770e+02   9.2060031e+00   2.0000000e+02
   1.2478800e+02   9.4020000e+00   2.0000000e+02
   1.2165200e+02   2.2000000e-01   2.5000000e+02
   1.2184006e+02   2.4779464e-01   2.5000000e+02
   1.2202788e+02   2.7714665e-01   2.5000000e+02
   1.2221542e+02   3.0823749e-01   2.5000000e+02
   1.2240266e+02   3.4115313e-01   2.5000000e+02
   1.2258883e+02   3.7962427e-01   2.5000000e+02
   1.2277415e+02   4.2198789e-01   2.5000000e+02
   1.2295867e+02   4.6767961e-01   2.5000000e+02
   1.2314221e+02   5.1720067e-01   2.5000000e+02
   1.2331926e+02   5.8573220e-01   2.5000000e+02
   1.2349207e+02   6.6495394e-01   2.5000000e+02
   1.2365882e+02   7.5536533e-01   2.5000000e+02
   1.2380836e+02   8.7272399e-01   2.5000000e+02
   1.2395223e+02   9.9697861e-01   2.5000000e+02
   1.2408239e+02   1.1348855e+00   2.5000000e+02
   1.2419768e+02   1.2860393e+00   2.5000000e+02
   1.2430758e+02   1.4411535e+00   2.5000000e+02
   1.2440898e+02   1.6017521e+00   2.5000000e+02
   1.2449551e+02   1.7710264e+00   2.5000000e+02
   1.2457806e+02   1.9422731e+00   2.5000000e+02
   1.2465294e+02   2.1168470e+00   2.5000000e+02
   1.2471217e+02   2.2974928e+00   2.5000000e+02
   1.2476689e+02   2.4795557e+00   2.5000000e+02
   1.2481897e+02   2.6623963e+00   2.5000000e+02
   1.2486890e+02   2.8458364e+00   2.5000000e+02
   1.2490572e+02   3.0323390e+00   2.5000000e+02
   1.2494002e+02   3.2193282e+00   2.5000000e+02
   1.2497232e+02   3.4066755e+00   2.5000000e+02
   1.2500309e+02   3.5942786e+00   2.5000000e+02
   1.2503160e+02   3.7822383e+00   2.5000000e+02
   1.2505969e+02   3.9702626e+00   2.5000000e+02
   1.2508205e+02   4.1590480e+00   2.5000000e+02
   1.2510272e+02   4.3480262e+00   2.5000000e+02
   1.2512102e+02   4.5372484e+00   2.5000000e+02
   1.2513723e+02   4.7266520e+00   2.5000000e+02
   1.2515055e+02   4.9162795e+00   2.5000000e+02
   1.2514485e+02   5.1062552e+00   2.5000000e+02
   1.2513516e+02   5.2961094e+00   2.5000000e+02
   1.2512198e+02   5.4857461e+00   2.5000000e+02
   1.2509289e+02   5.6733622e+00   2.5000000e+02
   1.2505440e+02   5.8595592e+00   2.5000000e+02
   1.2501403e+02   6.0453744e+00   2.5000000e+02
   1.2497151e+02   6.2307145e+00   2.5000000e+02
   1.2492891e+02   6.4160408e+00   2.5000000e+02
   1.2488785e+02   6.6017092e+00   2.5000000e+02
   1.2484818e+02   6.7876826e+00   2.5000000e+02
   1.2481010e+02   6.9739782e+00   2.5000000e+02
   1.2477452e+02   7.1607726e+00   2.5000000e+02
   1.2475912e+02   7.3501756e+00   2.5000000e+02
   1.2474838e+02   7.5399676e+00   2.5000000e+02
   1.2473997e+02   7.7298767e+00   2.5000000e+02
   1.2473322e+02   7.9198553e+00   2.5000000e+02
   1.2473057e+02   8.1099189e+00   2.5000000e+02
   1.2473385e+02   8.2999901e+00   2.5000000e+02
   1.2473727e+02   8.4900590e+00   2.5000000e+02
   1.2474141e+02   8.6801152e+00   2.5000000e+02
   1.2474106e+02   8.8701767e+00   2.5000000e+02
   1.2473493e+02   9.0601732e+00   2.5000000e+02
   1.2472748e+02   9.2501307e+00   2.5000000e+02
   1.2471800e+02   9.4400000e+00   2.5000000e+02
   1.2166100e+02   3.7700000e-01   3.0000000e+02
   1.2183776e+02   4.1427187e-01   3.0000000e+02
   1.2201385e+02   4.5455280e-01   3.0000000e+02
   1.2218936e+02   4.9728550e-01   3.0000000e+02
   1.2236387e+02   5.4398737e-01   3.0000000e+02
   1.2253767e+02   5.9323439e-01   3.0000000e+02
   1.2270995e+02   6.4728929e-01   3.0000000e+02
   1.2287817e+02   7.1312172e-01   3.0000000e+02
   1.2304480e+02   7.8291250e-01   3.0000000e+02
   1.2320914e+02   8.5791822e-01   3.0000000e+02
   1.2337019e+02   9.3972208e-01   3.0000000e+02
   1.2351745e+02   1.0427116e+00   3.0000000e+02
   1.2365107e+02   1.1642512e+00   3.0000000e+02
   1.2377929e+02   1.2914949e+00   3.0000000e+02
   1.2388681e+02   1.4362500e+00   3.0000000e+02
   1.2398582e+02   1.5873537e+00   3.0000000e+02
   1.2407939e+02   1.7418751e+00   3.0000000e+02
   1.2416928e+02   1.8985761e+00   3.0000000e+02
   1.2424596e+02   2.0620598e+00   3.0000000e+02
   1.2431637e+02   2.2284294e+00   3.0000000e+02
   1.2438377e+02   2.3960309e+00   3.0000000e+02
   1.2444454e+02   2.5660089e+00   3.0000000e+02
   1.2449267e+02   2.7401264e+00   3.0000000e+02
   1.2453838e+02   2.9149008e+00   3.0000000e+02
   1.2458114e+02   3.0904200e+00   3.0000000e+02
   1.2462091e+02   3.2665973e+00   3.0000000e+02
   1.2465514e+02   3.4439642e+00   3.0000000e+02
   1.2468820e+02   3.6215614e+00   3.0000000e+02
   1.2472015e+02   3.7993650e+00   3.0000000e+02
   1.2475093e+02   3.9773717e+00   3.0000000e+02
   1.2478028e+02   4.1556203e+00   3.0000000e+02
   1.2480703e+02   4.3342791e+00   3.0000000e+02
   1.2483240e+02   4.5131367e+00   3.0000000e+02
   1.2485560e+02   4.6922880e+00   3.0000000e+02
   1.2487759e+02   4.8715925e+00   3.0000000e+02
   1.2489228e+02   5.0515058e+00   3.0000000e+02
   1.2489575e+02   5.2321100e+00   3.0000000e+02
   1.2489700e+02   5.4127429e+00   3.0000000e+02
   1.2489404e+02   5.5933544e+00   3.0000000e+02
   1.2488797e+02   5.7738523e+00   3.0000000e+02
   1.2486317e+02   5.9527961e+00   3.0000000e+02
   1.2483614e+02   6.1314209e+00   3.0000000e+02
   1.2480777e+02   6.3098441e+00   3.0000000e+02
   1.2477789e+02   6.4880259e+00   3.0000000e+02
   1.2474678e+02   6.6659997e+00   3.0000000e+02
   1.2471596e+02   6.8440262e+00   3.0000000e+02
   1.2468543e+02   7.0221056e+00   3.0000000e+02
   1.2465757e+02   7.2006121e+00   3.0000000e+02
   1.2464564e+02   7.3808021e+00   3.0000000e+02
   1.2463717e+02   7.5612462e+00   3.0000000e+02
   1.2463094e+02   7.7417800e+00   3.0000000e+02
   1.2462689e+02   7.9223751e+00   3.0000000e+02
   1.2462538e+02   8.1030002e+00   3.0000000e+02
   1.2463097e+02   8.2835524e+00   3.0000000e+02
   1.2463738e+02   8.4640812e+00   3.0000000e+02
   1.2464478e+02   8.6445695e+00   3.0000000e+02
   1.2465044e+02   8.8251199e+00   3.0000000e+02
   1.2465281e+02   9.0057435e+00   3.0000000e+02
   1.2465491e+02   9.1863717e+00   3.0000000e+02
   1.2465700e+02   9.3670000e+00   3.0000000e+02
   1.2163000e+02   5.1400000e-01   3.5000000e+02
   1.2179444e+02   5.7137072e-01   3.5000000e+02
   1.2195785e+02   6.3162261e-01   3.5000000e+02
   1.2212023e+02   6.9459077e-01   3.5000000e+02
   1.2228137e+02   7.6068884e-01   3.5000000e+02
   1.2244152e+02   8.2913102e-01   3.5000000e+02
   1.2260059e+02   9.0008150e-01   3.5000000e+02
   1.2275654e+02   9.7737925e-01   3.5000000e+02
   1.2290728e+02   1.0646265e+00   3.5000000e+02
   1.2305570e+02   1.1557663e+00   3.5000000e+02
   1.2320078e+02   1.2521365e+00   3.5000000e+02
   1.2334200e+02   1.3540574e+00   3.5000000e+02
   1.2346199e+02   1.4790487e+00   3.5000000e+02
   1.2356883e+02   1.6165904e+00   3.5000000e+02
   1.2367127e+02   1.7574405e+00   3.5000000e+02
   1.2376106e+02   1.9066792e+00   3.5000000e+02
   1.2384718e+02   2.0580666e+00   3.5000000e+02
   1.2392983e+02   2.2113899e+00   3.5000000e+02
   1.2400331e+02   2.3690490e+00   3.5000000e+02
   1.2406528e+02   2.5318289e+00   3.5000000e+02
   1.2412332e+02   2.6960479e+00   3.5000000e+02
   1.2417990e+02   2.8607748e+00   3.5000000e+02
   1.2422877e+02   3.0278828e+00   3.5000000e+02
   1.2427353e+02   3.1962074e+00   3.5000000e+02
   1.2431538e+02   3.3652745e+00   3.5000000e+02
   1.2435624e+02   3.5345855e+00   3.5000000e+02
   1.2439616e+02   3.7041198e+00   3.5000000e+02
   1.2443294e+02   3.8743421e+00   3.5000000e+02
   1.2446658e+02   4.0452222e+00   3.5000000e+02
   1.2449984e+02   4.2161883e+00   3.5000000e+02
   1.2453111e+02   4.3875291e+00   3.5000000e+02
   1.2456140e+02   4.5590454e+00   3.5000000e+02
   1.2458969e+02   4.7308999e+00   3.5000000e+02
   1.2461641e+02   4.9029836e+00   3.5000000e+02
   1.2463550e+02   5.0760955e+00   3.5000000e+02
   1.2465351e+02   5.2493234e+00   3.5000000e+02
   1.2466840e+02   5.4228450e+00   3.5000000e+02
   1.2468121e+02   5.5965312e+00   3.5000000e+02
   1.2468733e+02   5.7704168e+00   3.5000000e+02
   1.2467948e+02   5.9443925e+00   3.5000000e+02
   1.2466829e+02   6.1181907e+00   3.5000000e+02
   1.2465518e+02   6.2918562e+00   3.5000000e+02
   1.2463469e+02   6.4647561e+00   3.5000000e+02
   1.2460941e+02   6.6370894e+00   3.5000000e+02
   1.2458400e+02   6.8094060e+00   3.5000000e+02
   1.2456110e+02   6.9820464e+00   3.5000000e+02
   1.2454273e+02   7.1552452e+00   3.5000000e+02
   1.2452676e+02   7.3286734e+00   3.5000000e+02
   1.2451238e+02   7.5022451e+00   3.5000000e+02
   1.2450587e+02   7.6761325e+00   3.5000000e+02
   1.2450796e+02   7.8502764e+00   3.5000000e+02
   1.2451316e+02   8.0243527e+00   3.5000000e+02
   1.2451941e+02   8.1983987e+00   3.5000000e+02
   1.2452709e+02   8.3723849e+00   3.5000000e+02
   1.2453691e+02   8.5462697e+00   3.5000000e+02
   1.2454788e+02   8.7200850e+00   3.5000000e+02
   1.2455867e+02   8.8939123e+00   3.5000000e+02
   1.2457145e+02   9.0676075e+00   3.5000000e+02
   1.2458327e+02   9.2413720e+00   3.5000000e+02
   1.2459700e+02   9.4150000e+00   3.5000000e+02
   1.2156600e+02   6.7200000e-01   4.0000000e+02
   1.2171610e+02   7.4607773e-01   4.0000000e+02
   1.2186545e+02   8.2167158e-01   4.0000000e+02
   1.2201406e+02   8.9871598e-01   4.0000000e+02
   1.2216012e+02   9.8041580e-01   4.0000000e+02
   1.2230297e+02   1.0676857e+00   4.0000000e+02
   1.2244441e+02   1.1572126e+00   4.0000000e+02
   1.2258465e+02   1.2486222e+00   4.0000000e+02
   1.2272320e+02   1.3425782e+00   4.0000000e+02
   1.2285471e+02   1.4458527e+00   4.0000000e+02
   1.2298070e+02   1.5560928e+00   4.0000000e+02
   1.2310380e+02   1.6695349e+00   4.0000000e+02
   1.2322053e+02   1.7891186e+00   4.0000000e+02
   1.2332155e+02   1.9226025e+00   4.0000000e+02
   1.2341899e+02   2.0587272e+00   4.0000000e+02
   1.2351204e+02   2.1978893e+00   4.0000000e+02
   1.2359798e+02   2.3413020e+00   4.0000000e+02
   1.2367203e+02   2.4914351e+00   4.0000000e+02
   1.2374313e+02   2.6429877e+00   4.0000000e+02
   1.2381134e+02   2.7958728e+00   4.0000000e+02
   1.2386969e+02   2.9526489e+00   4.0000000e+02
   1.2392285e+02   3.1113853e+00   4.0000000e+02
   1.2397339e+02   3.2709709e+00   4.0000000e+02
   1.2402221e+02   3.4310842e+00   4.0000000e+02
   1.2406977e+02   3.5915906e+00   4.0000000e+02
   1.2411194e+02   3.7535443e+00   4.0000000e+02
   1.2415103e+02   3.9163122e+00   4.0000000e+02
   1.2418822e+02   4.0795258e+00   4.0000000e+02
   1.2422517e+02   4.2427934e+00   4.0000000e+02
   1.2426054e+02   4.4064108e+00   4.0000000e+02
   1.2429491e+02   4.5702446e+00   4.0000000e+02
   1.2432766e+02   4.7343976e+00   4.0000000e+02
   1.2435717e+02   4.8991713e+00   4.0000000e+02
   1.2438553e+02   5.0641483e+00   4.0000000e+02
   1.2441247e+02   5.2293603e+00   4.0000000e+02
   1.2443767e+02   5.3948448e+00   4.0000000e+02
   1.2446099e+02   5.5606030e+00   4.0000000e+02
   1.2447518e+02   5.7272156e+00   4.0000000e+02
   1.2447990e+02   5.8945253e+00   4.0000000e+02
   1.2448285e+02   6.0618753e+00   4.0000000e+02
   1.2448400e+02   6.2292472e+00   4.0000000e+02
   1.2448171e+02   6.3966056e+00   4.0000000e+02
   1.2446609e+02   6.5631669e+00   4.0000000e+02
   1.2444703e+02   6.7294675e+00   4.0000000e+02
   1.2442664e+02   6.8956170e+00   4.0000000e+02
   1.2440724e+02   7.0618799e+00   4.0000000e+02
   1.2439531e+02   7.2288101e+00   4.0000000e+02
   1.2438657e+02   7.3959613e+00   4.0000000e+02
   1.2437945e+02   7.5631844e+00   4.0000000e+02
   1.2437483e+02   7.7304931e+00   4.0000000e+02
   1.2437519e+02   7.8977301e+00   4.0000000e+02
   1.2438735e+02   8.0646725e+00   4.0000000e+02
   1.2440097e+02   8.2315068e+00   4.0000000e+02
   1.2441637e+02   8.3981851e+00   4.0000000e+02
   1.2443291e+02   8.5647601e+00   4.0000000e+02
   1.2445132e+02   8.7311431e+00   4.0000000e+02
   1.2446992e+02   8.8975064e+00   4.0000000e+02
   1.2449026e+02   9.0636725e+00   4.0000000e+02
   1.2450976e+02   9.2299392e+00   4.0000000e+02
   1.2453100e+02   9.3960000e+00   4.0000000e+02
   1.2150000e+02   8.8000000e-01   4.5000000e+02
   1.2163452e+02   9.6868159e-01   4.5000000e+02
   1.2176818e+02   1.0586711e+00   4.5000000e+02
   1.2190009e+02   1.1511863e+00   4.5000000e+02
   1.2202878e+02   1.2479916e+00   4.5000000e+02
   1.2215289e+02   1.3507573e+00   4.5000000e+02
   1.2227561e+02   1.4551734e+00   4.5000000e+02
   1.2239682e+02   1.5613561e+00   4.5000000e+02
   1.2251646e+02   1.6693083e+00   4.5000000e+02
   1.2263359e+02   1.7799854e+00   4.5000000e+02
   1.2274957e+02   1.8918736e+00   4.5000000e+02
   1.2285245e+02   2.0156914e+00   4.5000000e+02
   1.2295078e+02   2.1433502e+00   4.5000000e+02
   1.2304696e+02   2.2726426e+00   4.5000000e+02
   1.2314010e+02   2.4041503e+00   4.5000000e+02
   1.2323164e+02   2.5367912e+00   4.5000000e+02
   1.2331965e+02   2.6717924e+00   4.5000000e+02
   1.2339178e+02   2.8156346e+00   4.5000000e+02
   1.2345774e+02   2.9626606e+00   4.5000000e+02
   1.2352193e+02   3.1104655e+00   4.5000000e+02
   1.2358362e+02   3.2593371e+00   4.5000000e+02
   1.2364350e+02   3.4089448e+00   4.5000000e+02
   1.2369637e+02   3.5611054e+00   4.5000000e+02
   1.2374469e+02   3.7148301e+00   4.5000000e+02
   1.2379168e+02   3.8689663e+00   4.5000000e+02
   1.2383738e+02   4.0234896e+00   4.5000000e+02
   1.2388241e+02   4.1782132e+00   4.5000000e+02
   1.2392663e+02   4.3331706e+00   4.5000000e+02
   1.2396954e+02   4.4884954e+00   4.5000000e+02
   1.2401213e+02   4.6439097e+00   4.5000000e+02
   1.2405228e+02   4.7999705e+00   4.5000000e+02
   1.2409089e+02   4.9564174e+00   4.5000000e+02
   1.2412870e+02   5.1130634e+00   4.5000000e+02
   1.2416505e+02   5.2700549e+00   4.5000000e+02
   1.2419965e+02   5.4274369e+00   4.5000000e+02
   1.2423269e+02   5.5851512e+00   4.5000000e+02
   1.2425790e+02   5.7441521e+00   4.5000000e+02
   1.2427597e+02   5.9042536e+00   4.5000000e+02
   1.2429118e+02   6.0646518e+00   4.5000000e+02
   1.2430232e+02   6.2253725e+00   4.5000000e+02
   1.2429694e+02   6.3862457e+00   4.5000000e+02
   1.2428656e+02   6.5470237e+00   4.5000000e+02
   1.2427436e+02   6.7076764e+00   4.5000000e+02
   1.2426197e+02   6.8683141e+00   4.5000000e+02
   1.2425000e+02   7.0289831e+00   4.5000000e+02
   1.2423929e+02   7.1897304e+00   4.5000000e+02
   1.2423382e+02   7.3507494e+00   4.5000000e+02
   1.2423010e+02   7.5118177e+00   4.5000000e+02
   1.2422820e+02   7.6729170e+00   4.5000000e+02
   1.2422866e+02   7.8340229e+00   4.5000000e+02
   1.2424211e+02   7.9944869e+00   4.5000000e+02
   1.2425988e+02   8.1546324e+00   4.5000000e+02
   1.2427969e+02   8.3145440e+00   4.5000000e+02
   1.2430104e+02   8.4742566e+00   4.5000000e+02
   1.2432451e+02   8.6336865e+00   4.5000000e+02
   1.2434855e+02   8.7930323e+00   4.5000000e+02
   1.2437437e+02   8.9521106e+00   4.5000000e+02
   1.2440026e+02   9.1111785e+00   4.5000000e+02
   1.2442713e+02   9.2700883e+00   4.5000000e+02
   1.2445400e+02   9.4290000e+00   4.5000000e+02
   1.2151000e+02   1.2010000e+00   5.0000000e+02
   1.2162347e+02   1.3022226e+00   5.0000000e+02
   1.2173577e+02   1.4047366e+00   5.0000000e+02
   1.2184668e+02   1.5087660e+00   5.0000000e+02
   1.2195599e+02   1.6144763e+00   5.0000000e+02
   1.2206150e+02   1.7238186e+00   5.0000000e+02
   1.2215764e+02   1.8416357e+00   5.0000000e+02
   1.2225159e+02   1.9612113e+00   5.0000000e+02
   1.2234501e+02   2.0812035e+00   5.0000000e+02
   1.2243622e+02   2.2028890e+00   5.0000000e+02
   1.2252579e+02   2.3257911e+00   5.0000000e+02
   1.2261455e+02   2.4492888e+00   5.0000000e+02
   1.2270124e+02   2.5742429e+00   5.0000000e+02
   1.2278703e+02   2.6998090e+00   5.0000000e+02
   1.2286161e+02   2.8323431e+00   5.0000000e+02
   1.2293504e+02   2.9655290e+00   5.0000000e+02
   1.2300704e+02   3.0994859e+00   5.0000000e+02
   1.2307744e+02   3.2342949e+00   5.0000000e+02
   1.2314682e+02   3.3696374e+00   5.0000000e+02
   1.2321501e+02   3.5055843e+00   5.0000000e+02
   1.2328166e+02   3.6422987e+00   5.0000000e+02
   1.2333821e+02   3.7834700e+00   5.0000000e+02
   1.2339350e+02   3.9251477e+00   5.0000000e+02
   1.2344775e+02   4.0672228e+00   5.0000000e+02
   1.2350154e+02   4.2094838e+00   5.0000000e+02
   1.2355354e+02   4.3524043e+00   5.0000000e+02
   1.2360547e+02   4.4953538e+00   5.0000000e+02
   1.2365628e+02   4.6387044e+00   5.0000000e+02
   1.2370381e+02   4.7831697e+00   5.0000000e+02
   1.2375149e+02   4.9275907e+00   5.0000000e+02
   1.2379780e+02   5.0724574e+00   5.0000000e+02
   1.2384328e+02   5.2175827e+00   5.0000000e+02
   1.2388741e+02   5.3631312e+00   5.0000000e+02
   1.2393037e+02   5.5090288e+00   5.0000000e+02
   1.2396900e+02   5.6560725e+00   5.0000000e+02
   1.2400114e+02   5.8047089e+00   5.0000000e+02
   1.2403109e+02   5.9537944e+00   5.0000000e+02
   1.2405781e+02   6.1034894e+00   5.0000000e+02
   1.2407129e+02   6.2546434e+00   5.0000000e+02
   1.2407481e+02   6.4066414e+00   5.0000000e+02
   1.2407600e+02   6.5586716e+00   5.0000000e+02
   1.2407600e+02   6.7107098e+00   5.0000000e+02
   1.2407483e+02   6.8627413e+00   5.0000000e+02
   1.2407400e+02   7.0147747e+00   5.0000000e+02
   1.2407300e+02   7.1668071e+00   5.0000000e+02
   1.2407200e+02   7.3188395e+00   5.0000000e+02
   1.2407300e+02   7.4708720e+00   5.0000000e+02
   1.2407430e+02   7.6228953e+00   5.0000000e+02
   1.2408460e+02   7.7745878e+00   5.0000000e+02
   1.2409583e+02   7.9262183e+00   5.0000000e+02
   1.2410940e+02   8.0776572e+00   5.0000000e+02
   1.2412434e+02   8.2289739e+00   5.0000000e+02
   1.2414729e+02   8.3792387e+00   5.0000000e+02
   1.2417328e+02   8.5290850e+00   5.0000000e+02
   1.2420083e+02   8.6786623e+00   5.0000000e+02
   1.2422862e+02   8.8281996e+00   5.0000000e+02
   1.2425742e+02   8.9775488e+00   5.0000000e+02
   1.2428702e+02   9.1267466e+00   5.0000000e+02
   1.2431643e+02   9.2759836e+00   5.0000000e+02
   1.2434700e+02   9.4250000e+00   5.0000000e+02
   1.2131400e+02   1.3460000e+00   5.5000000e+02
   1.2141025e+02   1.4592219e+00   5.5000000e+02
   1.2150615e+02   1.5727396e+00   5.5000000e+02
   1.2160066e+02   1.6874268e+00   5.5000000e+02
   1.2169377e+02   1.8032575e+00   5.5000000e+02
   1.2178590e+02   1.9198709e+00   5.5000000e+02
   1.2187666e+02   2.0375584e+00   5.5000000e+02
   1.2196316e+02   2.1582707e+00   5.5000000e+02
   1.2204175e+02   2.2844089e+00   5.5000000e+02
   1.2211886e+02   2.4114537e+00   5.5000000e+02
   1.2219608e+02   2.5384366e+00   5.5000000e+02
   1.2227155e+02   2.6664757e+00   5.5000000e+02
   1.2234624e+02   2.7949744e+00   5.5000000e+02
   1.2241994e+02   2.9240398e+00   5.5000000e+02
   1.2249363e+02   3.0531190e+00   5.5000000e+02
   1.2256570e+02   3.1831140e+00   5.5000000e+02
   1.2263610e+02   3.3140217e+00   5.5000000e+02
   1.2270632e+02   3.4450317e+00   5.5000000e+02
   1.2277584e+02   3.5764251e+00   5.5000000e+02
   1.2284486e+02   3.7080802e+00   5.5000000e+02
   1.2291288e+02   3.8402608e+00   5.5000000e+02
   1.2298071e+02   3.9725403e+00   5.5000000e+02
   1.2304699e+02   4.1056110e+00   5.5000000e+02
   1.2311148e+02   4.2394927e+00   5.5000000e+02
   1.2316878e+02   4.3766563e+00   5.5000000e+02
   1.2322537e+02   4.5141115e+00   5.5000000e+02
   1.2328122e+02   4.6518738e+00   5.5000000e+02
   1.2333595e+02   4.7900865e+00   5.5000000e+02
   1.2338966e+02   4.9287003e+00   5.5000000e+02
   1.2344271e+02   5.0675679e+00   5.5000000e+02
   1.2349343e+02   5.2072842e+00   5.5000000e+02
   1.2354051e+02   5.3482797e+00   5.5000000e+02
   1.2358594e+02   5.4898161e+00   5.5000000e+02
   1.2363069e+02   5.6315678e+00   5.5000000e+02
   1.2367348e+02   5.7739245e+00   5.5000000e+02
   1.2371481e+02   5.9167037e+00   5.5000000e+02
   1.2375401e+02   6.0600807e+00   5.5000000e+02
   1.2377695e+02   6.2069051e+00   5.5000000e+02
   1.2379841e+02   6.3539526e+00   5.5000000e+02
   1.2381766e+02   6.5013005e+00   5.5000000e+02
   1.2383619e+02   6.6487440e+00   5.5000000e+02
   1.2385232e+02   6.7964532e+00   5.5000000e+02
   1.2386417e+02   6.9445718e+00   5.5000000e+02
   1.2387550e+02   7.0927331e+00   5.5000000e+02
   1.2388676e+02   7.2408996e+00   5.5000000e+02
   1.2389809e+02   7.3890618e+00   5.5000000e+02
   1.2390946e+02   7.5372183e+00   5.5000000e+02
   1.2392132e+02   7.6853388e+00   5.5000000e+02
   1.2393362e+02   7.8334247e+00   5.5000000e+02
   1.2394654e+02   7.9814576e+00   5.5000000e+02
   1.2396097e+02   8.1293537e+00   5.5000000e+02
   1.2398329e+02   8.2762521e+00   5.5000000e+02
   1.2400722e+02   8.4229424e+00   5.5000000e+02
   1.2403251e+02   8.5694033e+00   5.5000000e+02
   1.2405913e+02   8.7156391e+00   5.5000000e+02
   1.2408890e+02   8.8612839e+00   5.5000000e+02
   1.2412020e+02   9.0066122e+00   5.5000000e+02
   1.2415133e+02   9.1519843e+00   5.5000000e+02
   1.2418382e+02   9.2970687e+00   5.5000000e+02
   1.2421700e+02   9.4420000e+00   5.5000000e+02
   1.2107100e+02   1.4320000e+00   6.0000000e+02
   1.2116099e+02   1.5558697e+00   6.0000000e+02
   1.2124958e+02   1.6807455e+00   6.0000000e+02
   1.2133706e+02   1.8064023e+00   6.0000000e+02
   1.2142350e+02   1.9327803e+00   6.0000000e+02
   1.2150952e+02   2.0594485e+00   6.0000000e+02
   1.2159421e+02   2.1870154e+00   6.0000000e+02
   1.2167735e+02   2.3155755e+00   6.0000000e+02
   1.2175134e+02   2.4496279e+00   6.0000000e+02
   1.2182419e+02   2.5843099e+00   6.0000000e+02
   1.2189679e+02   2.7191306e+00   6.0000000e+02
   1.2196845e+02   2.8544575e+00   6.0000000e+02
   1.2203903e+02   2.9903515e+00   6.0000000e+02
   1.2211010e+02   3.1259916e+00   6.0000000e+02
   1.2218077e+02   3.2618485e+00   6.0000000e+02
   1.2225124e+02   3.3978161e+00   6.0000000e+02
   1.2232257e+02   3.5333343e+00   6.0000000e+02
   1.2239354e+02   3.6690536e+00   6.0000000e+02
   1.2246407e+02   3.8050065e+00   6.0000000e+02
   1.2253455e+02   3.9409878e+00   6.0000000e+02
   1.2260507e+02   4.0769573e+00   6.0000000e+02
   1.2267469e+02   4.2133941e+00   6.0000000e+02
   1.2274229e+02   4.3508288e+00   6.0000000e+02
   1.2280734e+02   4.4895000e+00   6.0000000e+02
   1.2287185e+02   4.6284244e+00   6.0000000e+02
   1.2293582e+02   4.7676073e+00   6.0000000e+02
   1.2299867e+02   4.9073027e+00   6.0000000e+02
   1.2306131e+02   5.0470903e+00   6.0000000e+02
   1.2312242e+02   5.1875601e+00   6.0000000e+02
   1.2317830e+02   5.3301546e+00   6.0000000e+02
   1.2323267e+02   5.4733549e+00   6.0000000e+02
   1.2328570e+02   5.6170567e+00   6.0000000e+02
   1.2333820e+02   5.7609553e+00   6.0000000e+02
   1.2338823e+02   5.9057264e+00   6.0000000e+02
   1.2343772e+02   6.0506804e+00   6.0000000e+02
   1.2347640e+02   6.1988560e+00   6.0000000e+02
   1.2351446e+02   6.3471907e+00   6.0000000e+02
   1.2355039e+02   6.4960577e+00   6.0000000e+02
   1.2358550e+02   6.6451197e+00   6.0000000e+02
   1.2361748e+02   6.7948422e+00   6.0000000e+02
   1.2364475e+02   6.9455171e+00   6.0000000e+02
   1.2367118e+02   7.0963366e+00   6.0000000e+02
   1.2369645e+02   7.2473550e+00   6.0000000e+02
   1.2372123e+02   7.3984561e+00   6.0000000e+02
   1.2374521e+02   7.5496888e+00   6.0000000e+02
   1.2376548e+02   7.7014474e+00   6.0000000e+02
   1.2378541e+02   7.8532562e+00   6.0000000e+02
   1.2380526e+02   8.0050762e+00   6.0000000e+02
   1.2382499e+02   8.1569124e+00   6.0000000e+02
   1.2384554e+02   8.3086444e+00   6.0000000e+02
   1.2387100e+02   8.4596135e+00   6.0000000e+02
   1.2389880e+02   8.6102145e+00   6.0000000e+02
   1.2392831e+02   8.7604989e+00   6.0000000e+02
   1.2395857e+02   8.9106370e+00   6.0000000e+02
   1.2398955e+02   9.0606287e+00   6.0000000e+02
   1.2402290e+02   9.2101126e+00   6.0000000e+02
   1.2406144e+02   9.3583992e+00   6.0000000e+02
   1.2410022e+02   9.5066307e+00   6.0000000e+02
   1.2414066e+02   9.6544324e+00   6.0000000e+02
   1.2418200e+02   9.8020000e+00   6.0000000e+02
   1.2066100e+02   1.3650000e+00   6.5000000e+02
   1.2074995e+02   1.4977641e+00   6.5000000e+02
   1.2083776e+02   1.6313004e+00   6.5000000e+02
   1.2092522e+02   1.7650644e+00   6.5000000e+02
   1.2101199e+02   1.8992821e+00   6.5000000e+02
   1.2109727e+02   2.0344487e+00   6.5000000e+02
   1.2118226e+02   2.1698078e+00   6.5000000e+02
   1.2125976e+02   2.3095844e+00   6.5000000e+02
   1.2133719e+02   2.4494037e+00   6.5000000e+02
   1.2141317e+02   2.5900216e+00   6.5000000e+02
   1.2148880e+02   2.7308267e+00   6.5000000e+02
   1.2156362e+02   2.8720767e+00   6.5000000e+02
   1.2163810e+02   3.0134926e+00   6.5000000e+02
   1.2171249e+02   3.1549779e+00   6.5000000e+02
   1.2178471e+02   3.2975831e+00   6.5000000e+02
   1.2185626e+02   3.4405275e+00   6.5000000e+02
   1.2192776e+02   3.5835101e+00   6.5000000e+02
   1.2199925e+02   3.7264972e+00   6.5000000e+02
   1.2206994e+02   3.8698833e+00   6.5000000e+02
   1.2214144e+02   4.0128798e+00   6.5000000e+02
   1.2221374e+02   4.1554790e+00   6.5000000e+02
   1.2228598e+02   4.2981130e+00   6.5000000e+02
   1.2235807e+02   4.4408323e+00   6.5000000e+02
   1.2243025e+02   4.5835070e+00   6.5000000e+02
   1.2250256e+02   4.7261283e+00   6.5000000e+02
   1.2257368e+02   4.8693550e+00   6.5000000e+02
   1.2264487e+02   5.0125528e+00   6.5000000e+02
   1.2271482e+02   5.1563424e+00   6.5000000e+02
   1.2278195e+02   5.3014870e+00   6.5000000e+02
   1.2284850e+02   5.4468998e+00   6.5000000e+02
   1.2291459e+02   5.5925324e+00   6.5000000e+02
   1.2297990e+02   5.7385193e+00   6.5000000e+02
   1.2304401e+02   5.8850333e+00   6.5000000e+02
   1.2310773e+02   6.0317271e+00   6.5000000e+02
   1.2317008e+02   6.1790104e+00   6.5000000e+02
   1.2323106e+02   6.3268465e+00   6.5000000e+02
   1.2328272e+02   6.4781728e+00   6.5000000e+02
   1.2333328e+02   6.6298739e+00   6.5000000e+02
   1.2338181e+02   6.7822320e+00   6.5000000e+02
   1.2343060e+02   6.9345117e+00   6.5000000e+02
   1.2347743e+02   7.0874008e+00   6.5000000e+02
   1.2352006e+02   7.2414722e+00   6.5000000e+02
   1.2355796e+02   7.3967860e+00   6.5000000e+02
   1.2359492e+02   7.5523252e+00   6.5000000e+02
   1.2363059e+02   7.7081638e+00   6.5000000e+02
   1.2365963e+02   7.8652849e+00   6.5000000e+02
   1.2368538e+02   8.0230350e+00   6.5000000e+02
   1.2370940e+02   8.1810547e+00   6.5000000e+02
   1.2373454e+02   8.3389037e+00   6.5000000e+02
   1.2375920e+02   8.4968277e+00   6.5000000e+02
   1.2378969e+02   8.6537402e+00   6.5000000e+02
   1.2382148e+02   8.8104171e+00   6.5000000e+02
   1.2385508e+02   8.9667295e+00   6.5000000e+02
   1.2388921e+02   9.1229319e+00   6.5000000e+02
   1.2392787e+02   9.2780800e+00   6.5000000e+02
   1.2396985e+02   9.4324158e+00   6.5000000e+02
   1.2401276e+02   9.5865089e+00   6.5000000e+02
   1.2405671e+02   9.7403196e+00   6.5000000e+02
   1.2410236e+02   9.8936570e+00   6.5000000e+02
   1.2414800e+02   1.0047000e+01   6.5000000e+02
