   1.4175400e+02  -4.3890000e+00   0.0000000e+00
   1.4202782e+02  -4.4110936e+00   0.0000000e+00
   1.4230111e+02  -4.4389887e+00   0.0000000e+00
   1.4257372e+02  -4.4728895e+00   0.0000000e+00
   1.4284441e+02  -4.5186151e+00   0.0000000e+00
   1.4311160e+02  -4.5825309e+00   0.0000000e+00
   1.4337719e+02  -4.6528272e+00   0.0000000e+00
   1.4363797e+02  -4.7382019e+00   0.0000000e+00
   1.4389120e+02  -4.8446757e+00   0.0000000e+00
   1.4414188e+02  -4.9571106e+00   0.0000000e+00
   1.4438588e+02  -5.0830693e+00   0.0000000e+00
   1.4462399e+02  -5.2201351e+00   0.0000000e+00
   1.4485950e+02  -5.3616646e+00   0.0000000e+00
   1.4509258e+02  -5.5072290e+00   0.0000000e+00
   1.4531523e+02  -5.6681703e+00   0.0000000e+00
   1.4553486e+02  -5.8333209e+00   0.0000000e+00
   1.4574867e+02  -6.0059217e+00   0.0000000e+00
   1.4596189e+02  -6.1793430e+00   0.0000000e+00
   1.4618205e+02  -6.3439889e+00   0.0000000e+00
   1.4640629e+02  -6.5032358e+00   0.0000000e+00
   1.4663830e+02  -6.6508128e+00   0.0000000e+00
   1.4688111e+02  -6.7806955e+00   0.0000000e+00
   1.4712743e+02  -6.9040134e+00   0.0000000e+00
   1.4738255e+02  -7.0075831e+00   0.0000000e+00
   1.4764430e+02  -7.0944187e+00   0.0000000e+00
   1.4790855e+02  -7.1735447e+00   0.0000000e+00
   1.4817590e+02  -7.2412220e+00   0.0000000e+00
   1.4844989e+02  -7.2749895e+00   0.0000000e+00
   1.4872522e+02  -7.2956096e+00   0.0000000e+00
   1.4900078e+02  -7.2945342e+00   0.0000000e+00
   1.4927191e+02  -7.2429474e+00   0.0000000e+00
   1.4953351e+02  -7.1558784e+00   0.0000000e+00
   1.4979517e+02  -7.0688010e+00   0.0000000e+00
   1.5005901e+02  -6.9884332e+00   0.0000000e+00
   1.5032395e+02  -6.9118875e+00   0.0000000e+00
   1.5058675e+02  -6.8287573e+00   0.0000000e+00
   1.5084603e+02  -6.7353221e+00   0.0000000e+00
   1.5110337e+02  -6.6368344e+00   0.0000000e+00
   1.5135332e+02  -6.5212097e+00   0.0000000e+00
   1.5160174e+02  -6.4024992e+00   0.0000000e+00
   1.5184527e+02  -6.2742632e+00   0.0000000e+00
   1.5209007e+02  -6.1485879e+00   0.0000000e+00
   1.5234477e+02  -6.0448610e+00   0.0000000e+00
   1.5261127e+02  -5.9817191e+00   0.0000000e+00
   1.5288640e+02  -5.9749065e+00   0.0000000e+00
   1.5315176e+02  -6.0473512e+00   0.0000000e+00
   1.5339836e+02  -6.1673480e+00   0.0000000e+00
   1.5363023e+02  -6.3152863e+00   0.0000000e+00
   1.5384674e+02  -6.4846058e+00   0.0000000e+00
   1.5405760e+02  -6.6610982e+00   0.0000000e+00
   1.5426287e+02  -6.8440243e+00   0.0000000e+00
   1.5446730e+02  -7.0279862e+00   0.0000000e+00
   1.5467651e+02  -7.2066552e+00   0.0000000e+00
   1.5488864e+02  -7.3820207e+00   0.0000000e+00
   1.5510490e+02  -7.5523328e+00   0.0000000e+00
   1.5533119e+02  -7.7095759e+00   0.0000000e+00
   1.5556361e+02  -7.8577637e+00   0.0000000e+00
   1.5580025e+02  -7.9995279e+00   0.0000000e+00
   1.5603855e+02  -8.1386609e+00   0.0000000e+00
   1.5627800e+02  -8.2760000e+00   0.0000000e+00
   1.4161400e+02  -4.2680000e+00   5.0000000e+01
   1.4189484e+02  -4.2539700e+00   5.0000000e+01
   1.4217592e+02  -4.2463224e+00   5.0000000e+01
   1.4245695e+02  -4.2548076e+00   5.0000000e+01
   1.4273745e+02  -4.2742675e+00   5.0000000e+01
   1.4301311e+02  -4.3289413e+00   5.0000000e+01
   1.4328361e+02  -4.4046728e+00   5.0000000e+01
   1.4354788e+02  -4.5006396e+00   5.0000000e+01
   1.4380874e+02  -4.6055291e+00   5.0000000e+01
   1.4406751e+02  -4.7156074e+00   5.0000000e+01
   1.4432431e+02  -4.8302189e+00   5.0000000e+01
   1.4457930e+02  -4.9489067e+00   5.0000000e+01
   1.4483374e+02  -5.0688380e+00   5.0000000e+01
   1.4508757e+02  -5.1901802e+00   5.0000000e+01
   1.4534031e+02  -5.3138333e+00   5.0000000e+01
   1.4559269e+02  -5.4383314e+00   5.0000000e+01
   1.4584670e+02  -5.5595576e+00   5.0000000e+01
   1.4610582e+02  -5.6697238e+00   5.0000000e+01
   1.4636706e+02  -5.7748894e+00   5.0000000e+01
   1.4663819e+02  -5.8512819e+00   5.0000000e+01
   1.4691209e+02  -5.9176032e+00   5.0000000e+01
   1.4718753e+02  -5.9774068e+00   5.0000000e+01
   1.4746721e+02  -6.0118864e+00   5.0000000e+01
   1.4774816e+02  -6.0356758e+00   5.0000000e+01
   1.4802949e+02  -6.0548026e+00   5.0000000e+01
   1.4831146e+02  -6.0527504e+00   5.0000000e+01
   1.4859337e+02  -6.0463823e+00   5.0000000e+01
   1.4887511e+02  -6.0346925e+00   5.0000000e+01
   1.4915667e+02  -6.0193798e+00   5.0000000e+01
   1.4943705e+02  -5.9906568e+00   5.0000000e+01
   1.4971645e+02  -5.9530910e+00   5.0000000e+01
   1.4999527e+02  -5.9115255e+00   5.0000000e+01
   1.5027216e+02  -5.8597104e+00   5.0000000e+01
   1.5054473e+02  -5.7882530e+00   5.0000000e+01
   1.5081596e+02  -5.7120840e+00   5.0000000e+01
   1.5108387e+02  -5.6254858e+00   5.0000000e+01
   1.5134846e+02  -5.5291256e+00   5.0000000e+01
   1.5161281e+02  -5.4322181e+00   5.0000000e+01
   1.5187690e+02  -5.3347261e+00   5.0000000e+01
   1.5214297e+02  -5.2428625e+00   5.0000000e+01
   1.5241134e+02  -5.1580172e+00   5.0000000e+01
   1.5268359e+02  -5.0867957e+00   5.0000000e+01
   1.5296480e+02  -5.0760000e+00   5.0000000e+01
   1.5323934e+02  -5.1219915e+00   5.0000000e+01
   1.5349581e+02  -5.2374027e+00   5.0000000e+01
   1.5373084e+02  -5.3910529e+00   5.0000000e+01
   1.5395608e+02  -5.5594579e+00   5.0000000e+01
   1.5417736e+02  -5.7330668e+00   5.0000000e+01
   1.5439792e+02  -5.9076782e+00   5.0000000e+01
   1.5461852e+02  -6.0823230e+00   5.0000000e+01
   1.5483936e+02  -6.2567646e+00   5.0000000e+01
   1.5506341e+02  -6.4271549e+00   5.0000000e+01
   1.5529018e+02  -6.5940978e+00   5.0000000e+01
   1.5551952e+02  -6.7576195e+00   5.0000000e+01
   1.5575438e+02  -6.9133619e+00   5.0000000e+01
   1.5599011e+02  -7.0679307e+00   5.0000000e+01
   1.5622702e+02  -7.2208216e+00   5.0000000e+01
   1.5646561e+02  -7.3712438e+00   5.0000000e+01
   1.5670505e+02  -7.5204615e+00   5.0000000e+01
   1.5694500e+02  -7.6690000e+00   5.0000000e+01
   1.4167000e+02  -4.1480000e+00   1.0000000e+02
   1.4196255e+02  -4.1328645e+00   1.0000000e+02
   1.4225542e+02  -4.1262393e+00   1.0000000e+02
   1.4254833e+02  -4.1292835e+00   1.0000000e+02
   1.4283991e+02  -4.1550408e+00   1.0000000e+02
   1.4312731e+02  -4.2089851e+00   1.0000000e+02
   1.4340892e+02  -4.2895544e+00   1.0000000e+02
   1.4368624e+02  -4.3837469e+00   1.0000000e+02
   1.4396068e+02  -4.4862454e+00   1.0000000e+02
   1.4423487e+02  -4.5895233e+00   1.0000000e+02
   1.4450796e+02  -4.6957267e+00   1.0000000e+02
   1.4478100e+02  -4.8021971e+00   1.0000000e+02
   1.4505423e+02  -4.9082620e+00   1.0000000e+02
   1.4532775e+02  -5.0137068e+00   1.0000000e+02
   1.4560198e+02  -5.1174246e+00   1.0000000e+02
   1.4587664e+02  -5.2201313e+00   1.0000000e+02
   1.4615189e+02  -5.3213564e+00   1.0000000e+02
   1.4642921e+02  -5.4169548e+00   1.0000000e+02
   1.4670776e+02  -5.5090987e+00   1.0000000e+02
   1.4698791e+02  -5.5963736e+00   1.0000000e+02
   1.4726998e+02  -5.6774588e+00   1.0000000e+02
   1.4755900e+02  -5.7281114e+00   1.0000000e+02
   1.4785047e+02  -5.7605971e+00   1.0000000e+02
   1.4814411e+02  -5.7638378e+00   1.0000000e+02
   1.4843772e+02  -5.7579489e+00   1.0000000e+02
   1.4873062e+02  -5.7376009e+00   1.0000000e+02
   1.4902307e+02  -5.7112717e+00   1.0000000e+02
   1.4931499e+02  -5.6797222e+00   1.0000000e+02
   1.4960627e+02  -5.6430699e+00   1.0000000e+02
   1.4989692e+02  -5.6018148e+00   1.0000000e+02
   1.5018274e+02  -5.5358157e+00   1.0000000e+02
   1.5046625e+02  -5.4601122e+00   1.0000000e+02
   1.5074812e+02  -5.3786995e+00   1.0000000e+02
   1.5102793e+02  -5.2907389e+00   1.0000000e+02
   1.5129612e+02  -5.1722507e+00   1.0000000e+02
   1.5156147e+02  -5.0476914e+00   1.0000000e+02
   1.5182437e+02  -4.9181909e+00   1.0000000e+02
   1.5207947e+02  -4.7744988e+00   1.0000000e+02
   1.5232727e+02  -4.6183668e+00   1.0000000e+02
   1.5257462e+02  -4.4616058e+00   1.0000000e+02
   1.5282649e+02  -4.3124101e+00   1.0000000e+02
   1.5310510e+02  -4.2260910e+00   1.0000000e+02
   1.5338316e+02  -4.2942862e+00   1.0000000e+02
   1.5362165e+02  -4.4633012e+00   1.0000000e+02
   1.5379394e+02  -4.6955505e+00   1.0000000e+02
   1.5389405e+02  -4.9700389e+00   1.0000000e+02
   1.5401807e+02  -5.2334774e+00   1.0000000e+02
   1.5418922e+02  -5.4697121e+00   1.0000000e+02
   1.5439959e+02  -5.6734270e+00   1.0000000e+02
   1.5461989e+02  -5.8665881e+00   1.0000000e+02
   1.5485126e+02  -6.0466186e+00   1.0000000e+02
   1.5508539e+02  -6.2231991e+00   1.0000000e+02
   1.5532368e+02  -6.3942708e+00   1.0000000e+02
   1.5556882e+02  -6.5556449e+00   1.0000000e+02
   1.5581489e+02  -6.7157191e+00   1.0000000e+02
   1.5606182e+02  -6.8746418e+00   1.0000000e+02
   1.5631015e+02  -7.0315127e+00   1.0000000e+02
   1.5655850e+02  -7.1884841e+00   1.0000000e+02
   1.5680754e+02  -7.3444930e+00   1.0000000e+02
   1.5705700e+02  -7.5000000e+00   1.0000000e+02
   1.4181100e+02  -4.0270000e+00   1.5000000e+02
   1.4210285e+02  -4.0133216e+00   1.5000000e+02
   1.4239499e+02  -4.0090000e+00   1.5000000e+02
   1.4268644e+02  -4.0258404e+00   1.5000000e+02
   1.4297643e+02  -4.0607071e+00   1.5000000e+02
   1.4326148e+02  -4.1247888e+00   1.5000000e+02
   1.4354437e+02  -4.1978095e+00   1.5000000e+02
   1.4382298e+02  -4.2858288e+00   1.5000000e+02
   1.4409999e+02  -4.3787798e+00   1.5000000e+02
   1.4437368e+02  -4.4812413e+00   1.5000000e+02
   1.4464650e+02  -4.5860508e+00   1.5000000e+02
   1.4491964e+02  -4.6901120e+00   1.5000000e+02
   1.4519340e+02  -4.7926901e+00   1.5000000e+02
   1.4546750e+02  -4.8944478e+00   1.5000000e+02
   1.4574241e+02  -4.9941002e+00   1.5000000e+02
   1.4601844e+02  -5.0908030e+00   1.5000000e+02
   1.4629513e+02  -5.1857095e+00   1.5000000e+02
   1.4657258e+02  -5.2785260e+00   1.5000000e+02
   1.4685317e+02  -5.3615649e+00   1.5000000e+02
   1.4713518e+02  -5.4398155e+00   1.5000000e+02
   1.4741872e+02  -5.5125135e+00   1.5000000e+02
   1.4770724e+02  -5.5602521e+00   1.5000000e+02
   1.4799835e+02  -5.5919078e+00   1.5000000e+02
   1.4829063e+02  -5.6050000e+00   1.5000000e+02
   1.4858343e+02  -5.5996360e+00   1.5000000e+02
   1.4887598e+02  -5.5862953e+00   1.5000000e+02
   1.4916820e+02  -5.5672648e+00   1.5000000e+02
   1.4945814e+02  -5.5276820e+00   1.5000000e+02
   1.4974615e+02  -5.4751138e+00   1.5000000e+02
   1.5003254e+02  -5.4146156e+00   1.5000000e+02
   1.5031347e+02  -5.3342433e+00   1.5000000e+02
   1.5058696e+02  -5.2304071e+00   1.5000000e+02
   1.5085769e+02  -5.1197448e+00   1.5000000e+02
   1.5112033e+02  -4.9918360e+00   1.5000000e+02
   1.5137656e+02  -4.8511965e+00   1.5000000e+02
   1.5163052e+02  -4.7066196e+00   1.5000000e+02
   1.5188257e+02  -4.5588568e+00   1.5000000e+02
   1.5213421e+02  -4.4104726e+00   1.5000000e+02
   1.5239151e+02  -4.2725691e+00   1.5000000e+02
   1.5265961e+02  -4.1566650e+00   1.5000000e+02
   1.5293524e+02  -4.0601869e+00   1.5000000e+02
   1.5322576e+02  -4.0404574e+00   1.5000000e+02
   1.5350827e+02  -4.1091288e+00   1.5000000e+02
   1.5376163e+02  -4.2505536e+00   1.5000000e+02
   1.5396294e+02  -4.4586807e+00   1.5000000e+02
   1.5412307e+02  -4.7024860e+00   1.5000000e+02
   1.5427533e+02  -4.9513513e+00   1.5000000e+02
   1.5443050e+02  -5.1984116e+00   1.5000000e+02
   1.5461488e+02  -5.4247730e+00   1.5000000e+02
   1.5480590e+02  -5.6456769e+00   1.5000000e+02
   1.5500447e+02  -5.8598129e+00   1.5000000e+02
   1.5522526e+02  -6.0514606e+00   1.5000000e+02
   1.5545141e+02  -6.2369093e+00   1.5000000e+02
   1.5568590e+02  -6.4115818e+00   1.5000000e+02
   1.5592983e+02  -6.5734528e+00   1.5000000e+02
   1.5617633e+02  -6.7315776e+00   1.5000000e+02
   1.5642369e+02  -6.8885183e+00   1.5000000e+02
   1.5667177e+02  -7.0444533e+00   1.5000000e+02
   1.5692035e+02  -7.1997055e+00   1.5000000e+02
   1.5716900e+02  -7.3550000e+00   1.5000000e+02
   1.4315600e+02  -4.0510000e+00   2.0000000e+02
   1.4340571e+02  -4.1273976e+00   2.0000000e+02
   1.4365516e+02  -4.2047135e+00   2.0000000e+02
   1.4390400e+02  -4.2840577e+00   2.0000000e+02
   1.4415149e+02  -4.3674908e+00   2.0000000e+02
   1.4439815e+02  -4.4534929e+00   2.0000000e+02
   1.4464410e+02  -4.5415614e+00   2.0000000e+02
   1.4488959e+02  -4.6309712e+00   2.0000000e+02
   1.4513494e+02  -4.7208423e+00   2.0000000e+02
   1.4538051e+02  -4.8102233e+00   2.0000000e+02
   1.4562654e+02  -4.8984056e+00   2.0000000e+02
   1.4587380e+02  -4.9831947e+00   2.0000000e+02
   1.4612207e+02  -5.0650982e+00   2.0000000e+02
   1.4637083e+02  -5.1456186e+00   2.0000000e+02
   1.4662071e+02  -5.2226780e+00   2.0000000e+02
   1.4687498e+02  -5.2840312e+00   2.0000000e+02
   1.4713022e+02  -5.3413755e+00   2.0000000e+02
   1.4738659e+02  -5.3935580e+00   2.0000000e+02
   1.4764618e+02  -5.4247113e+00   2.0000000e+02
   1.4790711e+02  -5.4446313e+00   2.0000000e+02
   1.4816834e+02  -5.4603339e+00   2.0000000e+02
   1.4842985e+02  -5.4695970e+00   2.0000000e+02
   1.4869150e+02  -5.4634466e+00   2.0000000e+02
   1.4895298e+02  -5.4524773e+00   2.0000000e+02
   1.4921423e+02  -5.4372958e+00   2.0000000e+02
   1.4947505e+02  -5.4159956e+00   2.0000000e+02
   1.4973284e+02  -5.3714491e+00   2.0000000e+02
   1.4998919e+02  -5.3192721e+00   2.0000000e+02
   1.5023710e+02  -5.2363281e+00   2.0000000e+02
   1.5048213e+02  -5.1451152e+00   2.0000000e+02
   1.5072372e+02  -5.0452680e+00   2.0000000e+02
   1.5095463e+02  -4.9234242e+00   2.0000000e+02
   1.5117964e+02  -4.7907384e+00   2.0000000e+02
   1.5139522e+02  -4.6437529e+00   2.0000000e+02
   1.5160345e+02  -4.4863143e+00   2.0000000e+02
   1.5180832e+02  -4.3246187e+00   2.0000000e+02
   1.5200945e+02  -4.1583702e+00   2.0000000e+02
   1.5222169e+02  -4.0070658e+00   2.0000000e+02
   1.5244690e+02  -3.8752571e+00   2.0000000e+02
   1.5269410e+02  -3.7923655e+00   2.0000000e+02
   1.5294972e+02  -3.7445319e+00   2.0000000e+02
   1.5321039e+02  -3.7559470e+00   2.0000000e+02
   1.5346119e+02  -3.8233096e+00   2.0000000e+02
   1.5369162e+02  -3.9429196e+00   2.0000000e+02
   1.5388597e+02  -4.1166139e+00   2.0000000e+02
   1.5401957e+02  -4.3394733e+00   2.0000000e+02
   1.5410993e+02  -4.5838023e+00   2.0000000e+02
   1.5419558e+02  -4.8299093e+00   2.0000000e+02
   1.5430110e+02  -5.0682752e+00   2.0000000e+02
   1.5442542e+02  -5.2966820e+00   2.0000000e+02
   1.5458924e+02  -5.4997582e+00   2.0000000e+02
   1.5477109e+02  -5.6863791e+00   2.0000000e+02
   1.5497590e+02  -5.8486773e+00   2.0000000e+02
   1.5518757e+02  -6.0020671e+00   2.0000000e+02
   1.5541534e+02  -6.1308027e+00   2.0000000e+02
   1.5564567e+02  -6.2550656e+00   2.0000000e+02
   1.5587681e+02  -6.3779253e+00   2.0000000e+02
   1.5610645e+02  -6.5036119e+00   2.0000000e+02
   1.5633061e+02  -6.6388272e+00   2.0000000e+02
   1.5655300e+02  -6.7770000e+00   2.0000000e+02
   1.4402500e+02  -4.2200000e+00   2.5000000e+02
   1.4425197e+02  -4.3023979e+00   2.5000000e+02
   1.4447878e+02  -4.3852944e+00   2.5000000e+02
   1.4470478e+02  -4.4704177e+00   2.5000000e+02
   1.4493061e+02  -4.5560770e+00   2.5000000e+02
   1.4515660e+02  -4.6413593e+00   2.5000000e+02
   1.4538253e+02  -4.7269055e+00   2.5000000e+02
   1.4560890e+02  -4.8113554e+00   2.5000000e+02
   1.4583579e+02  -4.8944595e+00   2.5000000e+02
   1.4606280e+02  -4.9773554e+00   2.5000000e+02
   1.4629147e+02  -5.0556052e+00   2.5000000e+02
   1.4652112e+02  -5.1310857e+00   2.5000000e+02
   1.4675157e+02  -5.2041557e+00   2.5000000e+02
   1.4698373e+02  -5.2715236e+00   2.5000000e+02
   1.4721833e+02  -5.3303110e+00   2.5000000e+02
   1.4745406e+02  -5.3844761e+00   2.5000000e+02
   1.4769082e+02  -5.4340384e+00   2.5000000e+02
   1.4793112e+02  -5.4617946e+00   2.5000000e+02
   1.4817219e+02  -5.4824859e+00   2.5000000e+02
   1.4841390e+02  -5.4880598e+00   2.5000000e+02
   1.4865575e+02  -5.4800570e+00   2.5000000e+02
   1.4889731e+02  -5.4660478e+00   2.5000000e+02
   1.4913724e+02  -5.4349654e+00   2.5000000e+02
   1.4937654e+02  -5.3994106e+00   2.5000000e+02
   1.4961340e+02  -5.3510360e+00   2.5000000e+02
   1.4984758e+02  -5.2906075e+00   2.5000000e+02
   1.5007989e+02  -5.2235334e+00   2.5000000e+02
   1.5030408e+02  -5.1337755e+00   2.5000000e+02
   1.5052311e+02  -5.0317170e+00   2.5000000e+02
   1.5073866e+02  -4.9226250e+00   2.5000000e+02
   1.5093891e+02  -4.7880635e+00   2.5000000e+02
   1.5113289e+02  -4.6443889e+00   2.5000000e+02
   1.5131929e+02  -4.4913602e+00   2.5000000e+02
   1.5149836e+02  -4.3296794e+00   2.5000000e+02
   1.5167667e+02  -4.1672083e+00   2.5000000e+02
   1.5185544e+02  -4.0052787e+00   2.5000000e+02
   1.5203892e+02  -3.8487369e+00   2.5000000e+02
   1.5223985e+02  -3.7157725e+00   2.5000000e+02
   1.5245456e+02  -3.6073604e+00   2.5000000e+02
   1.5269163e+02  -3.5632018e+00   2.5000000e+02
   1.5293137e+02  -3.5777952e+00   2.5000000e+02
   1.5316793e+02  -3.6250433e+00   2.5000000e+02
   1.5338767e+02  -3.7242337e+00   2.5000000e+02
   1.5358045e+02  -3.8655924e+00   2.5000000e+02
   1.5373348e+02  -4.0515305e+00   2.5000000e+02
   1.5383997e+02  -4.2676732e+00   2.5000000e+02
   1.5393804e+02  -4.4878054e+00   2.5000000e+02
   1.5404430e+02  -4.7040759e+00   2.5000000e+02
   1.5416970e+02  -4.9091913e+00   2.5000000e+02
   1.5432111e+02  -5.0969709e+00   2.5000000e+02
   1.5448120e+02  -5.2773909e+00   2.5000000e+02
   1.5465949e+02  -5.4401883e+00   2.5000000e+02
   1.5484117e+02  -5.5992895e+00   2.5000000e+02
   1.5502601e+02  -5.7548176e+00   2.5000000e+02
   1.5521787e+02  -5.9016732e+00   2.5000000e+02
   1.5541400e+02  -6.0429846e+00   2.5000000e+02
   1.5561142e+02  -6.1825802e+00   2.5000000e+02
   1.5581139e+02  -6.3185953e+00   2.5000000e+02
   1.5601324e+02  -6.4519466e+00   2.5000000e+02
   1.5621600e+02  -6.5840000e+00   2.5000000e+02
   1.4814500e+02  -5.4500000e+00   3.0000000e+02
   1.4833859e+02  -5.4358654e+00   3.0000000e+02
   1.4853196e+02  -5.4191724e+00   3.0000000e+02
   1.4872508e+02  -5.3997448e+00   3.0000000e+02
   1.4891794e+02  -5.3780857e+00   3.0000000e+02
   1.4910927e+02  -5.3458921e+00   3.0000000e+02
   1.4929993e+02  -5.3098175e+00   3.0000000e+02
   1.4948984e+02  -5.2701041e+00   3.0000000e+02
   1.4967812e+02  -5.2239585e+00   3.0000000e+02
   1.4986133e+02  -5.1603421e+00   3.0000000e+02
   1.5004285e+02  -5.0921614e+00   3.0000000e+02
   1.5022263e+02  -5.0195783e+00   3.0000000e+02
   1.5039695e+02  -4.9356098e+00   3.0000000e+02
   1.5056240e+02  -4.8347923e+00   3.0000000e+02
   1.5072534e+02  -4.7300599e+00   3.0000000e+02
   1.5088617e+02  -4.6221452e+00   3.0000000e+02
   1.5103746e+02  -4.5014431e+00   3.0000000e+02
   1.5118605e+02  -4.3773787e+00   3.0000000e+02
   1.5133344e+02  -4.2519160e+00   3.0000000e+02
   1.5147969e+02  -4.1251770e+00   3.0000000e+02
   1.5162389e+02  -3.9961509e+00   3.0000000e+02
   1.5176845e+02  -3.8675506e+00   3.0000000e+02
   1.5192122e+02  -3.7491772e+00   3.0000000e+02
   1.5208221e+02  -3.6418355e+00   3.0000000e+02
   1.5224797e+02  -3.5420199e+00   3.0000000e+02
   1.5242775e+02  -3.4704250e+00   3.0000000e+02
   1.5261319e+02  -3.4170079e+00   3.0000000e+02
   1.5280646e+02  -3.4074416e+00   3.0000000e+02
   1.5299807e+02  -3.4263587e+00   3.0000000e+02
   1.5318389e+02  -3.4803692e+00   3.0000000e+02
   1.5336547e+02  -3.5472152e+00   3.0000000e+02
   1.5353315e+02  -3.6435253e+00   3.0000000e+02
   1.5369272e+02  -3.7528176e+00   3.0000000e+02
   1.5384070e+02  -3.8773139e+00   3.0000000e+02
   1.5393964e+02  -4.0428889e+00   3.0000000e+02
   1.5399694e+02  -4.2265612e+00   3.0000000e+02
   1.5403601e+02  -4.4158065e+00   3.0000000e+02
   1.5407528e+02  -4.6050060e+00   3.0000000e+02
   1.5411865e+02  -4.7933409e+00   3.0000000e+02
   1.5416381e+02  -4.9812572e+00   3.0000000e+02
   1.5421931e+02  -5.1664093e+00   3.0000000e+02
   1.5427875e+02  -5.3503487e+00   3.0000000e+02
   1.5434436e+02  -5.5321428e+00   3.0000000e+02
   1.5442218e+02  -5.7091621e+00   3.0000000e+02
   1.5451227e+02  -5.8800361e+00   3.0000000e+02
   1.5462102e+02  -6.0401404e+00   3.0000000e+02
   1.5473829e+02  -6.1941280e+00   3.0000000e+02
   1.5488292e+02  -6.3231812e+00   3.0000000e+02
   1.5503423e+02  -6.4445144e+00   3.0000000e+02
   1.5519867e+02  -6.5467653e+00   3.0000000e+02
   1.5537194e+02  -6.6345483e+00   3.0000000e+02
   1.5554704e+02  -6.7187688e+00   3.0000000e+02
   1.5572306e+02  -6.8011474e+00   3.0000000e+02
   1.5589885e+02  -6.8840487e+00   3.0000000e+02
   1.5607364e+02  -6.9690547e+00   3.0000000e+02
   1.5624394e+02  -7.0626886e+00   3.0000000e+02
   1.5641378e+02  -7.1572343e+00   3.0000000e+02
   1.5658253e+02  -7.2537278e+00   3.0000000e+02
   1.5675010e+02  -7.3522693e+00   3.0000000e+02
   1.5691700e+02  -7.4520000e+00   3.0000000e+02
   1.4884500e+02  -5.3780000e+00   3.5000000e+02
   1.4902534e+02  -5.3284306e+00   3.5000000e+02
   1.4920491e+02  -5.2761950e+00   3.5000000e+02
   1.4938341e+02  -5.2205050e+00   3.5000000e+02
   1.4956093e+02  -5.1618199e+00   3.5000000e+02
   1.4973756e+02  -5.1006027e+00   3.5000000e+02
   1.4991092e+02  -5.0310967e+00   3.5000000e+02
   1.5008071e+02  -4.9530752e+00   3.5000000e+02
   1.5024816e+02  -4.8703096e+00   3.5000000e+02
   1.5040418e+02  -4.7677151e+00   3.5000000e+02
   1.5055801e+02  -4.6619441e+00   3.5000000e+02
   1.5070974e+02  -4.5531887e+00   3.5000000e+02
   1.5085780e+02  -4.4396029e+00   3.5000000e+02
   1.5100333e+02  -4.3228232e+00   3.5000000e+02
   1.5114880e+02  -4.2059704e+00   3.5000000e+02
   1.5129246e+02  -4.0869482e+00   3.5000000e+02
   1.5143626e+02  -3.9681149e+00   3.5000000e+02
   1.5158124e+02  -3.8507503e+00   3.5000000e+02
   1.5173129e+02  -3.7401841e+00   3.5000000e+02
   1.5188902e+02  -3.6405832e+00   3.5000000e+02
   1.5205026e+02  -3.5467744e+00   3.5000000e+02
   1.5222261e+02  -3.4756931e+00   3.5000000e+02
   1.5239829e+02  -3.4129159e+00   3.5000000e+02
   1.5257650e+02  -3.3577895e+00   3.5000000e+02
   1.5275948e+02  -3.3242291e+00   3.5000000e+02
   1.5294548e+02  -3.3097200e+00   3.5000000e+02
   1.5313200e+02  -3.3064157e+00   3.5000000e+02
   1.5331589e+02  -3.3336874e+00   3.5000000e+02
   1.5349531e+02  -3.3845265e+00   3.5000000e+02
   1.5365764e+02  -3.4738758e+00   3.5000000e+02
   1.5380354e+02  -3.5897222e+00   3.5000000e+02
   1.5391177e+02  -3.7399561e+00   3.5000000e+02
   1.5399080e+02  -3.9080745e+00   3.5000000e+02
   1.5403616e+02  -4.0887197e+00   3.5000000e+02
   1.5407159e+02  -4.2715650e+00   3.5000000e+02
   1.5410063e+02  -4.4555740e+00   3.5000000e+02
   1.5412871e+02  -4.6397343e+00   3.5000000e+02
   1.5415683e+02  -4.8238889e+00   3.5000000e+02
   1.5418875e+02  -5.0074246e+00   3.5000000e+02
   1.5422193e+02  -5.1907439e+00   3.5000000e+02
   1.5426021e+02  -5.3730673e+00   3.5000000e+02
   1.5431587e+02  -5.5507048e+00   3.5000000e+02
   1.5438078e+02  -5.7254168e+00   3.5000000e+02
   1.5446938e+02  -5.8887670e+00   3.5000000e+02
   1.5457714e+02  -6.0410848e+00   3.5000000e+02
   1.5470225e+02  -6.1786507e+00   3.5000000e+02
   1.5484607e+02  -6.2980392e+00   3.5000000e+02
   1.5499407e+02  -6.4123025e+00   3.5000000e+02
   1.5514573e+02  -6.5217849e+00   3.5000000e+02
   1.5530507e+02  -6.6197228e+00   3.5000000e+02
   1.5546798e+02  -6.7119878e+00   3.5000000e+02
   1.5563196e+02  -6.8024320e+00   3.5000000e+02
   1.5579658e+02  -6.8917755e+00   3.5000000e+02
   1.5596028e+02  -6.9828255e+00   3.5000000e+02
   1.5612309e+02  -7.0754806e+00   3.5000000e+02
   1.5628552e+02  -7.1688676e+00   3.5000000e+02
   1.5644723e+02  -7.2635150e+00   3.5000000e+02
   1.5660588e+02  -7.3631271e+00   3.5000000e+02
   1.5676182e+02  -7.4669837e+00   3.5000000e+02
   1.5691700e+02  -7.5720000e+00   3.5000000e+02
   1.4915400e+02  -5.2090000e+00   4.0000000e+02
   1.4931619e+02  -5.1379262e+00   4.0000000e+02
   1.4947696e+02  -5.0637523e+00   4.0000000e+02
   1.4963656e+02  -4.9871607e+00   4.0000000e+02
   1.4979372e+02  -4.9059072e+00   4.0000000e+02
   1.4994574e+02  -4.8153560e+00   4.0000000e+02
   1.5009660e+02  -4.7229306e+00   4.0000000e+02
   1.5024605e+02  -4.6283187e+00   4.0000000e+02
   1.5038853e+02  -4.5235693e+00   4.0000000e+02
   1.5052968e+02  -4.4170674e+00   4.0000000e+02
   1.5067001e+02  -4.3095215e+00   4.0000000e+02
   1.5081068e+02  -4.2024436e+00   4.0000000e+02
   1.5095150e+02  -4.0956089e+00   4.0000000e+02
   1.5109471e+02  -3.9919954e+00   4.0000000e+02
   1.5123883e+02  -3.8896728e+00   4.0000000e+02
   1.5138486e+02  -3.7900961e+00   4.0000000e+02
   1.5153835e+02  -3.7027899e+00   4.0000000e+02
   1.5169565e+02  -3.6221741e+00   4.0000000e+02
   1.5185562e+02  -3.5470036e+00   4.0000000e+02
   1.5201988e+02  -3.4824844e+00   4.0000000e+02
   1.5218974e+02  -3.4335383e+00   4.0000000e+02
   1.5236137e+02  -3.3912832e+00   4.0000000e+02
   1.5253414e+02  -3.3540294e+00   4.0000000e+02
   1.5271033e+02  -3.3422127e+00   4.0000000e+02
   1.5288707e+02  -3.3402487e+00   4.0000000e+02
   1.5306370e+02  -3.3469040e+00   4.0000000e+02
   1.5323616e+02  -3.3824759e+00   4.0000000e+02
   1.5340415e+02  -3.4372811e+00   4.0000000e+02
   1.5356789e+02  -3.5036811e+00   4.0000000e+02
   1.5371453e+02  -3.6001070e+00   4.0000000e+02
   1.5384425e+02  -3.7199264e+00   4.0000000e+02
   1.5395630e+02  -3.8551127e+00   4.0000000e+02
   1.5403112e+02  -4.0149604e+00   4.0000000e+02
   1.5408727e+02  -4.1819981e+00   4.0000000e+02
   1.5413230e+02  -4.3526645e+00   4.0000000e+02
   1.5417412e+02  -4.5241391e+00   4.0000000e+02
   1.5421728e+02  -4.6952822e+00   4.0000000e+02
   1.5426400e+02  -4.8655048e+00   4.0000000e+02
   1.5431156e+02  -5.0354980e+00   4.0000000e+02
   1.5436157e+02  -5.2048006e+00   4.0000000e+02
   1.5441273e+02  -5.3737598e+00   4.0000000e+02
   1.5446688e+02  -5.5418042e+00   4.0000000e+02
   1.5453110e+02  -5.7062429e+00   4.0000000e+02
   1.5460178e+02  -5.8680930e+00   4.0000000e+02
   1.5469218e+02  -6.0194685e+00   4.0000000e+02
   1.5479553e+02  -6.1629033e+00   4.0000000e+02
   1.5491232e+02  -6.2949402e+00   4.0000000e+02
   1.5505268e+02  -6.4029881e+00   4.0000000e+02
   1.5519810e+02  -6.5042704e+00   4.0000000e+02
   1.5535288e+02  -6.5905701e+00   4.0000000e+02
   1.5551084e+02  -6.6713685e+00   4.0000000e+02
   1.5566995e+02  -6.7499229e+00   4.0000000e+02
   1.5582943e+02  -6.8278140e+00   4.0000000e+02
   1.5598714e+02  -6.9092025e+00   4.0000000e+02
   1.5614503e+02  -6.9903295e+00   4.0000000e+02
   1.5630246e+02  -7.0723549e+00   4.0000000e+02
   1.5645859e+02  -7.1568214e+00   4.0000000e+02
   1.5661191e+02  -7.2463050e+00   4.0000000e+02
   1.5676474e+02  -7.3366468e+00   4.0000000e+02
   1.5691700e+02  -7.4280000e+00   4.0000000e+02
   1.4974200e+02  -4.8710000e+00   4.5000000e+02
   1.4987770e+02  -4.7646342e+00   4.5000000e+02
   1.5001290e+02  -4.6576632e+00   4.5000000e+02
   1.5014694e+02  -4.5492868e+00   4.5000000e+02
   1.5027902e+02  -4.4386058e+00   4.5000000e+02
   1.5040746e+02  -4.3237251e+00   4.5000000e+02
   1.5053617e+02  -4.2091755e+00   4.5000000e+02
   1.5066440e+02  -4.0940932e+00   4.5000000e+02
   1.5079178e+02  -3.9781159e+00   4.5000000e+02
   1.5091915e+02  -3.8621531e+00   4.5000000e+02
   1.5104765e+02  -3.7474427e+00   4.5000000e+02
   1.5117969e+02  -3.6368445e+00   4.5000000e+02
   1.5132311e+02  -3.5422233e+00   4.5000000e+02
   1.5147461e+02  -3.4601953e+00   4.5000000e+02
   1.5163351e+02  -3.3945543e+00   4.5000000e+02
   1.5179806e+02  -3.3434559e+00   4.5000000e+02
   1.5196388e+02  -3.2966418e+00   4.5000000e+02
   1.5213139e+02  -3.2565671e+00   4.5000000e+02
   1.5230067e+02  -3.2244365e+00   4.5000000e+02
   1.5247063e+02  -3.1961812e+00   4.5000000e+02
   1.5264119e+02  -3.1717914e+00   4.5000000e+02
   1.5281243e+02  -3.1536945e+00   4.5000000e+02
   1.5298468e+02  -3.1500000e+00   4.5000000e+02
   1.5315692e+02  -3.1537170e+00   4.5000000e+02
   1.5332762e+02  -3.1725565e+00   4.5000000e+02
   1.5349189e+02  -3.2242628e+00   4.5000000e+02
   1.5365216e+02  -3.2872916e+00   4.5000000e+02
   1.5379187e+02  -3.3861172e+00   4.5000000e+02
   1.5391882e+02  -3.5023990e+00   4.5000000e+02
   1.5403432e+02  -3.6294782e+00   4.5000000e+02
   1.5412687e+02  -3.7745902e+00   4.5000000e+02
   1.5421136e+02  -3.9245318e+00   4.5000000e+02
   1.5428169e+02  -4.0811038e+00   4.5000000e+02
   1.5433047e+02  -4.2461032e+00   4.5000000e+02
   1.5437147e+02  -4.4132032e+00   4.5000000e+02
   1.5439859e+02  -4.5829041e+00   4.5000000e+02
   1.5441717e+02  -4.7539458e+00   4.5000000e+02
   1.5443561e+02  -4.9250017e+00   4.5000000e+02
   1.5445759e+02  -5.0956438e+00   4.5000000e+02
   1.5448272e+02  -5.2658431e+00   4.5000000e+02
   1.5451723e+02  -5.4341400e+00   4.5000000e+02
   1.5457057e+02  -5.5977500e+00   4.5000000e+02
   1.5463133e+02  -5.7587823e+00   4.5000000e+02
   1.5470310e+02  -5.9148870e+00   4.5000000e+02
   1.5480794e+02  -6.0516903e+00   4.5000000e+02
   1.5492033e+02  -6.1824459e+00   4.5000000e+02
   1.5504289e+02  -6.3031688e+00   4.5000000e+02
   1.5518223e+02  -6.4052409e+00   4.5000000e+02
   1.5532495e+02  -6.5026311e+00   4.5000000e+02
   1.5546981e+02  -6.5968822e+00   4.5000000e+02
   1.5561773e+02  -6.6863531e+00   4.5000000e+02
   1.5576668e+02  -6.7741996e+00   4.5000000e+02
   1.5591638e+02  -6.8608201e+00   4.5000000e+02
   1.5606575e+02  -6.9480471e+00   4.5000000e+02
   1.5621313e+02  -7.0386013e+00   4.5000000e+02
   1.5635988e+02  -7.1301945e+00   4.5000000e+02
   1.5650666e+02  -7.2218008e+00   4.5000000e+02
   1.5665300e+02  -7.3141347e+00   4.5000000e+02
   1.5679934e+02  -7.4065187e+00   4.5000000e+02
   1.5694500e+02  -7.5000000e+00   4.5000000e+02
   1.4929400e+02  -4.9680000e+00   5.0000000e+02
   1.4939426e+02  -4.8971189e+00   5.0000000e+02
   1.4949412e+02  -4.8257073e+00   5.0000000e+02
   1.4959318e+02  -4.7532003e+00   5.0000000e+02
   1.4969194e+02  -4.6802978e+00   5.0000000e+02
   1.4978762e+02  -4.6034596e+00   5.0000000e+02
   1.4988275e+02  -4.5259443e+00   5.0000000e+02
   1.4997709e+02  -4.4474865e+00   5.0000000e+02
   1.5007086e+02  -4.3683648e+00   5.0000000e+02
   1.5016406e+02  -4.2885813e+00   5.0000000e+02
   1.5025407e+02  -4.2053681e+00   5.0000000e+02
   1.5034048e+02  -4.1183368e+00   5.0000000e+02
   1.5042548e+02  -4.0299516e+00   5.0000000e+02
   1.5051086e+02  -3.9419341e+00   5.0000000e+02
   1.5059586e+02  -3.8535646e+00   5.0000000e+02
   1.5068138e+02  -3.7657017e+00   5.0000000e+02
   1.5076924e+02  -3.6801763e+00   5.0000000e+02
   1.5085853e+02  -3.5961537e+00   5.0000000e+02
   1.5095012e+02  -3.5146450e+00   5.0000000e+02
   1.5105491e+02  -3.4510213e+00   5.0000000e+02
   1.5116233e+02  -3.3918346e+00   5.0000000e+02
   1.5127264e+02  -3.3386944e+00   5.0000000e+02
   1.5138932e+02  -3.3008862e+00   5.0000000e+02
   1.5150726e+02  -3.2671579e+00   5.0000000e+02
   1.5162573e+02  -3.2354015e+00   5.0000000e+02
   1.5174474e+02  -3.2056806e+00   5.0000000e+02
   1.5186433e+02  -3.1784304e+00   5.0000000e+02
   1.5198511e+02  -3.1570613e+00   5.0000000e+02
   1.5210622e+02  -3.1376943e+00   5.0000000e+02
   1.5222755e+02  -3.1196522e+00   5.0000000e+02
   1.5234914e+02  -3.1034828e+00   5.0000000e+02
   1.5247095e+02  -3.0891401e+00   5.0000000e+02
   1.5259303e+02  -3.0780000e+00   5.0000000e+02
   1.5271569e+02  -3.0786875e+00   5.0000000e+02
   1.5283831e+02  -3.0815670e+00   5.0000000e+02
   1.5296086e+02  -3.0867735e+00   5.0000000e+02
   1.5308321e+02  -3.0953834e+00   5.0000000e+02
   1.5320535e+02  -3.1065657e+00   5.0000000e+02
   1.5332457e+02  -3.1342423e+00   5.0000000e+02
   1.5344215e+02  -3.1691470e+00   5.0000000e+02
   1.5355877e+02  -3.2071260e+00   5.0000000e+02
   1.5367396e+02  -3.2492150e+00   5.0000000e+02
   1.5378766e+02  -3.2951944e+00   5.0000000e+02
   1.5389516e+02  -3.3529411e+00   5.0000000e+02
   1.5399420e+02  -3.4252206e+00   5.0000000e+02
   1.5409048e+02  -3.5011429e+00   5.0000000e+02
   1.5418456e+02  -3.5797751e+00   5.0000000e+02
   1.5427647e+02  -3.6609386e+00   5.0000000e+02
   1.5435639e+02  -3.7538256e+00   5.0000000e+02
   1.5443415e+02  -3.8485962e+00   5.0000000e+02
   1.5451081e+02  -3.9442620e+00   5.0000000e+02
   1.5458740e+02  -4.0399951e+00   5.0000000e+02
   1.5466769e+02  -4.1326474e+00   5.0000000e+02
   1.5474859e+02  -4.2247914e+00   5.0000000e+02
   1.5483167e+02  -4.3149806e+00   5.0000000e+02
   1.5491642e+02  -4.4036350e+00   5.0000000e+02
   1.5500243e+02  -4.4910918e+00   5.0000000e+02
   1.5508850e+02  -4.5785018e+00   5.0000000e+02
   1.5517525e+02  -4.6652510e+00   5.0000000e+02
   1.5526300e+02  -4.7510000e+00   5.0000000e+02
   1.4937800e+02  -4.7990000e+00   5.5000000e+02
   1.4946928e+02  -4.7185530e+00   5.5000000e+02
   1.4956045e+02  -4.6380034e+00   5.5000000e+02
   1.4965192e+02  -4.5577935e+00   5.5000000e+02
   1.4974365e+02  -4.4778942e+00   5.5000000e+02
   1.4983528e+02  -4.3978957e+00   5.5000000e+02
   1.4992740e+02  -4.3184692e+00   5.5000000e+02
   1.5001951e+02  -4.2390361e+00   5.5000000e+02
   1.5011136e+02  -4.1593148e+00   5.5000000e+02
   1.5020385e+02  -4.0803576e+00   5.5000000e+02
   1.5029658e+02  -4.0016817e+00   5.5000000e+02
   1.5039005e+02  -3.9238850e+00   5.5000000e+02
   1.5048397e+02  -3.8466576e+00   5.5000000e+02
   1.5057882e+02  -3.7705721e+00   5.5000000e+02
   1.5067458e+02  -3.6956379e+00   5.5000000e+02
   1.5077244e+02  -3.6236719e+00   5.5000000e+02
   1.5087750e+02  -3.5624268e+00   5.5000000e+02
   1.5098374e+02  -3.5032464e+00   5.5000000e+02
   1.5109065e+02  -3.4453001e+00   5.5000000e+02
   1.5119846e+02  -3.3890478e+00   5.5000000e+02
   1.5130754e+02  -3.3353228e+00   5.5000000e+02
   1.5141720e+02  -3.2827933e+00   5.5000000e+02
   1.5153153e+02  -3.2423178e+00   5.5000000e+02
   1.5164884e+02  -3.2102799e+00   5.5000000e+02
   1.5176664e+02  -3.1800894e+00   5.5000000e+02
   1.5188490e+02  -3.1517363e+00   5.5000000e+02
   1.5200383e+02  -3.1263543e+00   5.5000000e+02
   1.5212297e+02  -3.1020063e+00   5.5000000e+02
   1.5224268e+02  -3.0806446e+00   5.5000000e+02
   1.5236257e+02  -3.0603029e+00   5.5000000e+02
   1.5248372e+02  -3.0515989e+00   5.5000000e+02
   1.5260523e+02  -3.0469946e+00   5.5000000e+02
   1.5272681e+02  -3.0441673e+00   5.5000000e+02
   1.5284841e+02  -3.0443187e+00   5.5000000e+02
   1.5297001e+02  -3.0457326e+00   5.5000000e+02
   1.5309154e+02  -3.0497205e+00   5.5000000e+02
   1.5321294e+02  -3.0567291e+00   5.5000000e+02
   1.5333421e+02  -3.0656914e+00   5.5000000e+02
   1.5345445e+02  -3.0817893e+00   5.5000000e+02
   1.5357189e+02  -3.1132730e+00   5.5000000e+02
   1.5368863e+02  -3.1473325e+00   5.5000000e+02
   1.5380446e+02  -3.1842784e+00   5.5000000e+02
   1.5391905e+02  -3.2249593e+00   5.5000000e+02
   1.5403118e+02  -3.2713252e+00   5.5000000e+02
   1.5413415e+02  -3.3359543e+00   5.5000000e+02
   1.5423511e+02  -3.4036798e+00   5.5000000e+02
   1.5433462e+02  -3.4735318e+00   5.5000000e+02
   1.5443200e+02  -3.5463047e+00   5.5000000e+02
   1.5452549e+02  -3.6237404e+00   5.5000000e+02
   1.5461306e+02  -3.7080583e+00   5.5000000e+02
   1.5469902e+02  -3.7940171e+00   5.5000000e+02
   1.5478443e+02  -3.8805188e+00   5.5000000e+02
   1.5486863e+02  -3.9682146e+00   5.5000000e+02
   1.5495180e+02  -4.0568854e+00   5.5000000e+02
   1.5503287e+02  -4.1474794e+00   5.5000000e+02
   1.5511345e+02  -4.2385111e+00   5.5000000e+02
   1.5519376e+02  -4.3297965e+00   5.5000000e+02
   1.5527407e+02  -4.4210821e+00   5.5000000e+02
   1.5535328e+02  -4.5133304e+00   5.5000000e+02
   1.5543200e+02  -4.6060000e+00   5.5000000e+02
   1.4915400e+02  -4.7270000e+00   6.0000000e+02
   1.4918301e+02  -4.7060500e+00   6.0000000e+02
   1.4921202e+02  -4.6850999e+00   6.0000000e+02
   1.4924102e+02  -4.6641504e+00   6.0000000e+02
   1.4927003e+02  -4.6432014e+00   6.0000000e+02
   1.4929902e+02  -4.6222362e+00   6.0000000e+02
   1.4932769e+02  -4.6008348e+00   6.0000000e+02
   1.4935636e+02  -4.5794333e+00   6.0000000e+02
   1.4938503e+02  -4.5580325e+00   6.0000000e+02
   1.4941370e+02  -4.5366321e+00   6.0000000e+02
   1.4944237e+02  -4.5152317e+00   6.0000000e+02
   1.4947104e+02  -4.4938323e+00   6.0000000e+02
   1.4949970e+02  -4.4724329e+00   6.0000000e+02
   1.4952816e+02  -4.4507614e+00   6.0000000e+02
   1.4955648e+02  -4.4289128e+00   6.0000000e+02
   1.4958468e+02  -4.4069129e+00   6.0000000e+02
   1.4961209e+02  -4.3839380e+00   6.0000000e+02
   1.4963950e+02  -4.3609630e+00   6.0000000e+02
   1.4966680e+02  -4.3378587e+00   6.0000000e+02
   1.4969404e+02  -4.3146857e+00   6.0000000e+02
   1.4972127e+02  -4.2915062e+00   6.0000000e+02
   1.4974848e+02  -4.2682996e+00   6.0000000e+02
   1.4977568e+02  -4.2450931e+00   6.0000000e+02
   1.4980291e+02  -4.2219112e+00   6.0000000e+02
   1.4983015e+02  -4.1987402e+00   6.0000000e+02
   1.4985725e+02  -4.1754149e+00   6.0000000e+02
   1.4988390e+02  -4.1515854e+00   6.0000000e+02
   1.4991056e+02  -4.1277559e+00   6.0000000e+02
   1.4993750e+02  -4.1042508e+00   6.0000000e+02
   1.4996454e+02  -4.0808491e+00   6.0000000e+02
   1.4999136e+02  -4.0572101e+00   6.0000000e+02
   1.5001763e+02  -4.0329611e+00   6.0000000e+02
   1.5004390e+02  -4.0087121e+00   6.0000000e+02
   1.5007001e+02  -3.9843011e+00   6.0000000e+02
   1.5009609e+02  -3.9598511e+00   6.0000000e+02
   1.5012210e+02  -3.9353262e+00   6.0000000e+02
   1.5014798e+02  -3.9106633e+00   6.0000000e+02
   1.5017385e+02  -3.8860004e+00   6.0000000e+02
   1.5020007e+02  -3.8617035e+00   6.0000000e+02
   1.5022634e+02  -3.8374573e+00   6.0000000e+02
   1.5025245e+02  -3.8130436e+00   6.0000000e+02
   1.5027832e+02  -3.7883825e+00   6.0000000e+02
   1.5030419e+02  -3.7637214e+00   6.0000000e+02
   1.5033026e+02  -3.7392601e+00   6.0000000e+02
   1.5035633e+02  -3.7148137e+00   6.0000000e+02
   1.5038251e+02  -3.6904804e+00   6.0000000e+02
   1.5040881e+02  -3.6662716e+00   6.0000000e+02
   1.5043510e+02  -3.6420614e+00   6.0000000e+02
   1.5046138e+02  -3.6178357e+00   6.0000000e+02
   1.5048766e+02  -3.5936101e+00   6.0000000e+02
   1.5051395e+02  -3.5693964e+00   6.0000000e+02
   1.5054024e+02  -3.5451892e+00   6.0000000e+02
   1.5056653e+02  -3.5209779e+00   6.0000000e+02
   1.5059281e+02  -3.4967539e+00   6.0000000e+02
   1.5061909e+02  -3.4725300e+00   6.0000000e+02
   1.5064538e+02  -3.4483210e+00   6.0000000e+02
   1.5067167e+02  -3.4241154e+00   6.0000000e+02
   1.5069804e+02  -3.3999963e+00   6.0000000e+02
   1.5072452e+02  -3.3759982e+00   6.0000000e+02
   1.5075100e+02  -3.3520000e+00   6.0000000e+02
