   1.2208800e+02   2.3124000e+01   0.0000000e+00
   1.2240048e+02   2.3057957e+01   0.0000000e+00
   1.2271463e+02   2.2999649e+01   0.0000000e+00
   1.2303042e+02   2.2950082e+01   0.0000000e+00
   1.2334767e+02   2.2909963e+01   0.0000000e+00
   1.2366787e+02   2.2910295e+01   0.0000000e+00
   1.2398793e+02   2.2919242e+01   0.0000000e+00
   1.2430753e+02   2.2937752e+01   0.0000000e+00
   1.2462636e+02   2.2965853e+01   0.0000000e+00
   1.2493803e+02   2.3031030e+01   0.0000000e+00
   1.2524478e+02   2.3116738e+01   0.0000000e+00
   1.2554862e+02   2.3211356e+01   0.0000000e+00
   1.2584952e+02   2.3314164e+01   0.0000000e+00
   1.2613740e+02   2.3443619e+01   0.0000000e+00
   1.2641414e+02   2.3593968e+01   0.0000000e+00
   1.2668715e+02   2.3750401e+01   0.0000000e+00
   1.2695653e+02   2.3912477e+01   0.0000000e+00
   1.2722240e+02   2.4079802e+01   0.0000000e+00
   1.2747706e+02   2.4261070e+01   0.0000000e+00
   1.2772208e+02   2.4453875e+01   0.0000000e+00
   1.2796379e+02   2.4650489e+01   0.0000000e+00
   1.2820355e+02   2.4849459e+01   0.0000000e+00
   1.2843937e+02   2.5052587e+01   0.0000000e+00
   1.2866747e+02   2.5263225e+01   0.0000000e+00
   1.2889473e+02   2.5474959e+01   0.0000000e+00
   1.2912065e+02   2.5688203e+01   0.0000000e+00
   1.2934552e+02   2.5902696e+01   0.0000000e+00
   1.2956885e+02   2.6118821e+01   0.0000000e+00
   1.2979138e+02   2.6335959e+01   0.0000000e+00
   1.3001144e+02   2.6555443e+01   0.0000000e+00
   1.3022857e+02   2.6777548e+01   0.0000000e+00
   1.3042923e+02   2.7011997e+01   0.0000000e+00
   1.3062740e+02   2.7248410e+01   0.0000000e+00
   1.3082227e+02   2.7487248e+01   0.0000000e+00
   1.3101323e+02   2.7728796e+01   0.0000000e+00
   1.3118229e+02   2.7983070e+01   0.0000000e+00
   1.3134959e+02   2.8238453e+01   0.0000000e+00
   1.3151575e+02   2.8494620e+01   0.0000000e+00
   1.3168201e+02   2.8750937e+01   0.0000000e+00
   1.3185683e+02   2.9002945e+01   0.0000000e+00
   1.3204353e+02   2.9248688e+01   0.0000000e+00
   1.3223188e+02   2.9493750e+01   0.0000000e+00
   1.3242921e+02   2.9733614e+01   0.0000000e+00
   1.3263289e+02   2.9969810e+01   0.0000000e+00
   1.3283720e+02   3.0205912e+01   0.0000000e+00
   1.3304096e+02   3.0442687e+01   0.0000000e+00
   1.3323191e+02   3.0687492e+01   0.0000000e+00
   1.3342511e+02   3.0931338e+01   0.0000000e+00
   1.3362684e+02   3.1170321e+01   0.0000000e+00
   1.3387996e+02   3.1369466e+01   0.0000000e+00
   1.3415134e+02   3.1552209e+01   0.0000000e+00
   1.3443039e+02   3.1726989e+01   0.0000000e+00
   1.3472566e+02   3.1881808e+01   0.0000000e+00
   1.3502758e+02   3.2028009e+01   0.0000000e+00
   1.3533575e+02   3.2165063e+01   0.0000000e+00
   1.3565407e+02   3.2285403e+01   0.0000000e+00
   1.3597617e+02   3.2399147e+01   0.0000000e+00
   1.3630521e+02   3.2497614e+01   0.0000000e+00
   1.3664565e+02   3.2565475e+01   0.0000000e+00
   1.3698900e+02   3.2623000e+01   0.0000000e+00
   1.2161000e+02   2.4366000e+01   5.0000000e+01
   1.2189374e+02   2.4260906e+01   5.0000000e+01
   1.2218229e+02   2.4167814e+01   5.0000000e+01
   1.2247750e+02   2.4097605e+01   5.0000000e+01
   1.2278167e+02   2.4069316e+01   5.0000000e+01
   1.2308689e+02   2.4053687e+01   5.0000000e+01
   1.2339256e+02   2.4051360e+01   5.0000000e+01
   1.2369478e+02   2.4083127e+01   5.0000000e+01
   1.2399149e+02   2.4150816e+01   5.0000000e+01
   1.2428541e+02   2.4228532e+01   5.0000000e+01
   1.2457637e+02   2.4315500e+01   5.0000000e+01
   1.2486481e+02   2.4409741e+01   5.0000000e+01
   1.2514275e+02   2.4526690e+01   5.0000000e+01
   1.2541215e+02   2.4660548e+01   5.0000000e+01
   1.2567852e+02   2.4799811e+01   5.0000000e+01
   1.2594227e+02   2.4943573e+01   5.0000000e+01
   1.2620324e+02   2.5091890e+01   5.0000000e+01
   1.2646178e+02   2.5244122e+01   5.0000000e+01
   1.2670172e+02   2.5419307e+01   5.0000000e+01
   1.2693337e+02   2.5604295e+01   5.0000000e+01
   1.2716273e+02   2.5791940e+01   5.0000000e+01
   1.2738955e+02   2.5982442e+01   5.0000000e+01
   1.2761399e+02   2.6175550e+01   5.0000000e+01
   1.2783642e+02   2.6370866e+01   5.0000000e+01
   1.2805599e+02   2.6569091e+01   5.0000000e+01
   1.2827429e+02   2.6768773e+01   5.0000000e+01
   1.2849109e+02   2.6970094e+01   5.0000000e+01
   1.2869593e+02   2.7181439e+01   5.0000000e+01
   1.2889866e+02   2.7394675e+01   5.0000000e+01
   1.2910038e+02   2.7608949e+01   5.0000000e+01
   1.2929937e+02   2.7825505e+01   5.0000000e+01
   1.2949705e+02   2.8043286e+01   5.0000000e+01
   1.2969309e+02   2.8262498e+01   5.0000000e+01
   1.2988658e+02   2.8483737e+01   5.0000000e+01
   1.3007826e+02   2.8706466e+01   5.0000000e+01
   1.3025367e+02   2.8939373e+01   5.0000000e+01
   1.3042312e+02   2.9175995e+01   5.0000000e+01
   1.3059022e+02   2.9414090e+01   5.0000000e+01
   1.3075454e+02   2.9653860e+01   5.0000000e+01
   1.3091665e+02   2.9894968e+01   5.0000000e+01
   1.3107525e+02   3.0138011e+01   5.0000000e+01
   1.3123033e+02   3.0382922e+01   5.0000000e+01
   1.3136991e+02   3.0634654e+01   5.0000000e+01
   1.3149921e+02   3.0890752e+01   5.0000000e+01
   1.3162512e+02   3.1148211e+01   5.0000000e+01
   1.3174670e+02   3.1407310e+01   5.0000000e+01
   1.3186426e+02   3.1667871e+01   5.0000000e+01
   1.3193557e+02   3.1940190e+01   5.0000000e+01
   1.3200732e+02   3.2212649e+01   5.0000000e+01
   1.3208855e+02   3.2483207e+01   5.0000000e+01
   1.3218761e+02   3.2749533e+01   5.0000000e+01
   1.3236119e+02   3.2982446e+01   5.0000000e+01
   1.3259470e+02   3.3181476e+01   5.0000000e+01
   1.3284361e+02   3.3367481e+01   5.0000000e+01
   1.3312859e+02   3.3512675e+01   5.0000000e+01
   1.3342580e+02   3.3641553e+01   5.0000000e+01
   1.3373038e+02   3.3758606e+01   5.0000000e+01
   1.3404190e+02   3.3863067e+01   5.0000000e+01
   1.3435932e+02   3.3955334e+01   5.0000000e+01
   1.3468200e+02   3.4035000e+01   5.0000000e+01
   1.2174200e+02   2.4750000e+01   1.0000000e+02
   1.2199600e+02   2.4635420e+01   1.0000000e+02
   1.2225822e+02   2.4537743e+01   1.0000000e+02
   1.2252842e+02   2.4462632e+01   1.0000000e+02
   1.2281100e+02   2.4447500e+01   1.0000000e+02
   1.2309406e+02   2.4447803e+01   1.0000000e+02
   1.2337614e+02   2.4465752e+01   1.0000000e+02
   1.2364682e+02   2.4541555e+01   1.0000000e+02
   1.2391363e+02   2.4628445e+01   1.0000000e+02
   1.2417735e+02   2.4723256e+01   1.0000000e+02
   1.2443765e+02   2.4826007e+01   1.0000000e+02
   1.2469529e+02   2.4934603e+01   1.0000000e+02
   1.2494741e+02   2.5053405e+01   1.0000000e+02
   1.2519080e+02   2.5187051e+01   1.0000000e+02
   1.2543214e+02   2.5324084e+01   1.0000000e+02
   1.2567160e+02   2.5464190e+01   1.0000000e+02
   1.2590868e+02   2.5607933e+01   1.0000000e+02
   1.2614369e+02   2.5754778e+01   1.0000000e+02
   1.2637638e+02   2.5904955e+01   1.0000000e+02
   1.2660745e+02   2.6057527e+01   1.0000000e+02
   1.2681956e+02   2.6231107e+01   1.0000000e+02
   1.2702885e+02   2.6407829e+01   1.0000000e+02
   1.2723581e+02   2.6587046e+01   1.0000000e+02
   1.2744113e+02   2.6768054e+01   1.0000000e+02
   1.2764517e+02   2.6950503e+01   1.0000000e+02
   1.2784674e+02   2.7135410e+01   1.0000000e+02
   1.2804745e+02   2.7321355e+01   1.0000000e+02
   1.2824162e+02   2.7512925e+01   1.0000000e+02
   1.2843346e+02   2.7706642e+01   1.0000000e+02
   1.2862372e+02   2.7901832e+01   1.0000000e+02
   1.2881256e+02   2.8098359e+01   1.0000000e+02
   1.2899996e+02   2.8296216e+01   1.0000000e+02
   1.2918589e+02   2.8495395e+01   1.0000000e+02
   1.2936976e+02   2.8696297e+01   1.0000000e+02
   1.2954494e+02   2.8903161e+01   1.0000000e+02
   1.2971074e+02   2.9116226e+01   1.0000000e+02
   1.2987461e+02   2.9330632e+01   1.0000000e+02
   1.3003601e+02   2.9546655e+01   1.0000000e+02
   1.3019463e+02   2.9764426e+01   1.0000000e+02
   1.3035079e+02   2.9983711e+01   1.0000000e+02
   1.3050329e+02   3.0205109e+01   1.0000000e+02
   1.3063727e+02   3.0435083e+01   1.0000000e+02
   1.3075869e+02   3.0670647e+01   1.0000000e+02
   1.3087751e+02   3.0907296e+01   1.0000000e+02
   1.3099392e+02   3.1144937e+01   1.0000000e+02
   1.3110786e+02   3.1383550e+01   1.0000000e+02
   1.3121941e+02   3.1623091e+01   1.0000000e+02
   1.3131739e+02   3.1866896e+01   1.0000000e+02
   1.3141202e+02   3.2111807e+01   1.0000000e+02
   1.3150737e+02   3.2356589e+01   1.0000000e+02
   1.3160529e+02   3.2600722e+01   1.0000000e+02
   1.3170690e+02   3.2843853e+01   1.0000000e+02
   1.3181356e+02   3.3085548e+01   1.0000000e+02
   1.3195334e+02   3.3315081e+01   1.0000000e+02
   1.3210448e+02   3.3539816e+01   1.0000000e+02
   1.3226928e+02   3.3757965e+01   1.0000000e+02
   1.3245365e+02   3.3964709e+01   1.0000000e+02
   1.3270196e+02   3.4119779e+01   1.0000000e+02
   1.3297461e+02   3.4242996e+01   1.0000000e+02
   1.3326500e+02   3.4337000e+01   1.0000000e+02
   1.2198500e+02   2.5053000e+01   1.5000000e+02
   1.2222567e+02   2.4950296e+01   1.5000000e+02
   1.2247685e+02   2.4872782e+01   1.5000000e+02
   1.2274165e+02   2.4852944e+01   1.5000000e+02
   1.2300573e+02   2.4866846e+01   1.5000000e+02
   1.2326259e+02   2.4928921e+01   1.5000000e+02
   1.2351504e+02   2.5004872e+01   1.5000000e+02
   1.2375652e+02   2.5105194e+01   1.5000000e+02
   1.2398914e+02   2.5222806e+01   1.5000000e+02
   1.2421918e+02   2.5344880e+01   1.5000000e+02
   1.2444690e+02   2.5470831e+01   1.5000000e+02
   1.2467334e+02   2.5598972e+01   1.5000000e+02
   1.2489899e+02   2.5728604e+01   1.5000000e+02
   1.2512383e+02   2.5859701e+01   1.5000000e+02
   1.2534467e+02   2.5996499e+01   1.5000000e+02
   1.2556386e+02   2.6135782e+01   1.5000000e+02
   1.2578245e+02   2.6276158e+01   1.5000000e+02
   1.2600028e+02   2.6417801e+01   1.5000000e+02
   1.2621588e+02   2.6562495e+01   1.5000000e+02
   1.2643033e+02   2.6708864e+01   1.5000000e+02
   1.2664221e+02   2.6858510e+01   1.5000000e+02
   1.2684608e+02   2.7016658e+01   1.5000000e+02
   1.2703836e+02   2.7186558e+01   1.5000000e+02
   1.2722828e+02   2.7358812e+01   1.5000000e+02
   1.2742008e+02   2.7529692e+01   1.5000000e+02
   1.2761183e+02   2.7700871e+01   1.5000000e+02
   1.2780222e+02   2.7873492e+01   1.5000000e+02
   1.2798758e+02   2.8050599e+01   1.5000000e+02
   1.2817112e+02   2.8229414e+01   1.5000000e+02
   1.2835400e+02   2.8409002e+01   1.5000000e+02
   1.2853171e+02   2.8592772e+01   1.5000000e+02
   1.2870538e+02   2.8779751e+01   1.5000000e+02
   1.2887881e+02   2.8967117e+01   1.5000000e+02
   1.2904941e+02   2.9156677e+01   1.5000000e+02
   1.2921653e+02   2.9348716e+01   1.5000000e+02
   1.2937321e+02   2.9547600e+01   1.5000000e+02
   1.2952843e+02   2.9747530e+01   1.5000000e+02
   1.2968046e+02   2.9949476e+01   1.5000000e+02
   1.2983128e+02   3.0152273e+01   1.5000000e+02
   1.2997946e+02   3.0356691e+01   1.5000000e+02
   1.3012506e+02   3.0562645e+01   1.5000000e+02
   1.3025426e+02   3.0776700e+01   1.5000000e+02
   1.3038041e+02   3.0992219e+01   1.5000000e+02
   1.3050468e+02   3.1208660e+01   1.5000000e+02
   1.3062569e+02   3.1426570e+01   1.5000000e+02
   1.3073964e+02   3.1647243e+01   1.5000000e+02
   1.3084141e+02   3.1872375e+01   1.5000000e+02
   1.3094138e+02   3.2098161e+01   1.5000000e+02
   1.3103878e+02   3.2324832e+01   1.5000000e+02
   1.3113438e+02   3.2552122e+01   1.5000000e+02
   1.3122261e+02   3.2781527e+01   1.5000000e+02
   1.3130483e+02   3.3012618e+01   1.5000000e+02
   1.3138715e+02   3.3243741e+01   1.5000000e+02
   1.3146960e+02   3.3474883e+01   1.5000000e+02
   1.3155551e+02   3.3705194e+01   1.5000000e+02
   1.3165035e+02   3.3933145e+01   1.5000000e+02
   1.3175106e+02   3.4159423e+01   1.5000000e+02
   1.3187899e+02   3.4376071e+01   1.5000000e+02
   1.3204702e+02   3.4572285e+01   1.5000000e+02
   1.3224900e+02   3.4747000e+01   1.5000000e+02
   1.2211900e+02   2.5222000e+01   2.0000000e+02
   1.2235633e+02   2.5165938e+01   2.0000000e+02
   1.2259847e+02   2.5131059e+01   2.0000000e+02
   1.2284001e+02   2.5169276e+01   2.0000000e+02
   1.2307759e+02   2.5224705e+01   2.0000000e+02
   1.2331080e+02   2.5294028e+01   2.0000000e+02
   1.2353302e+02   2.5387508e+01   2.0000000e+02
   1.2374675e+02   2.5497293e+01   2.0000000e+02
   1.2395750e+02   2.5612004e+01   2.0000000e+02
   1.2416580e+02   2.5730578e+01   2.0000000e+02
   1.2437125e+02   2.5853411e+01   2.0000000e+02
   1.2457611e+02   2.5977339e+01   2.0000000e+02
   1.2477976e+02   2.6103140e+01   2.0000000e+02
   1.2498370e+02   2.6228853e+01   2.0000000e+02
   1.2518644e+02   2.6356402e+01   2.0000000e+02
   1.2538856e+02   2.6485029e+01   2.0000000e+02
   1.2558950e+02   2.6615401e+01   2.0000000e+02
   1.2579060e+02   2.6745867e+01   2.0000000e+02
   1.2599054e+02   2.6878026e+01   2.0000000e+02
   1.2618966e+02   2.7011440e+01   2.0000000e+02
   1.2638611e+02   2.7148137e+01   2.0000000e+02
   1.2657578e+02   2.7292570e+01   2.0000000e+02
   1.2676410e+02   2.7438637e+01   2.0000000e+02
   1.2695089e+02   2.7586496e+01   2.0000000e+02
   1.2713626e+02   2.7735991e+01   2.0000000e+02
   1.2732041e+02   2.7886922e+01   2.0000000e+02
   1.2749755e+02   2.8044325e+01   2.0000000e+02
   1.2766658e+02   2.8208908e+01   2.0000000e+02
   1.2783454e+02   2.8374543e+01   2.0000000e+02
   1.2800029e+02   2.8542095e+01   2.0000000e+02
   1.2816552e+02   2.8710251e+01   2.0000000e+02
   1.2832960e+02   2.8879460e+01   2.0000000e+02
   1.2848942e+02   2.9051958e+01   2.0000000e+02
   1.2864863e+02   2.9225081e+01   2.0000000e+02
   1.2880702e+02   2.9398959e+01   2.0000000e+02
   1.2896359e+02   2.9574266e+01   2.0000000e+02
   1.2911900e+02   2.9750534e+01   2.0000000e+02
   1.2927237e+02   2.9928327e+01   2.0000000e+02
   1.2941417e+02   3.0113236e+01   2.0000000e+02
   1.2955166e+02   3.0300832e+01   2.0000000e+02
   1.2968642e+02   3.0490027e+01   2.0000000e+02
   1.2981983e+02   3.0680068e+01   2.0000000e+02
   1.2995040e+02   3.0871703e+01   2.0000000e+02
   1.3007895e+02   3.1064461e+01   2.0000000e+02
   1.3019495e+02   3.1262908e+01   2.0000000e+02
   1.3030233e+02   3.1465146e+01   2.0000000e+02
   1.3040752e+02   3.1668310e+01   2.0000000e+02
   1.3051004e+02   3.1872544e+01   2.0000000e+02
   1.3061066e+02   3.2077538e+01   2.0000000e+02
   1.3070918e+02   3.2283346e+01   2.0000000e+02
   1.3080578e+02   3.2489874e+01   2.0000000e+02
   1.3089546e+02   3.2698571e+01   2.0000000e+02
   1.3097420e+02   3.2910536e+01   2.0000000e+02
   1.3105108e+02   3.3123025e+01   2.0000000e+02
   1.3112737e+02   3.3335707e+01   2.0000000e+02
   1.3120362e+02   3.3548453e+01   2.0000000e+02
   1.3127889e+02   3.3761484e+01   2.0000000e+02
   1.3135803e+02   3.3973585e+01   2.0000000e+02
   1.3143861e+02   3.4185372e+01   2.0000000e+02
   1.3152000e+02   3.4397000e+01   2.0000000e+02
   1.2235000e+02   2.5369000e+01   2.5000000e+02
   1.2251536e+02   2.5359971e+01   2.5000000e+02
   1.2268089e+02   2.5360961e+01   2.5000000e+02
   1.2284005e+02   2.5402584e+01   2.5000000e+02
   1.2299680e+02   2.5451266e+01   2.5000000e+02
   1.2315079e+02   2.5506796e+01   2.5000000e+02
   1.2330307e+02   2.5566245e+01   2.5000000e+02
   1.2345084e+02   2.5634201e+01   2.5000000e+02
   1.2359318e+02   2.5711371e+01   2.5000000e+02
   1.2373374e+02   2.5791292e+01   2.5000000e+02
   1.2387383e+02   2.5872035e+01   2.5000000e+02
   1.2401278e+02   2.5954469e+01   2.5000000e+02
   1.2415100e+02   2.6038026e+01   2.5000000e+02
   1.2428787e+02   2.6123479e+01   2.5000000e+02
   1.2442444e+02   2.6209453e+01   2.5000000e+02
   1.2456029e+02   2.6296470e+01   2.5000000e+02
   1.2469580e+02   2.6384051e+01   2.5000000e+02
   1.2483170e+02   2.6471250e+01   2.5000000e+02
   1.2496684e+02   2.6559532e+01   2.5000000e+02
   1.2510178e+02   2.6648184e+01   2.5000000e+02
   1.2523643e+02   2.6737312e+01   2.5000000e+02
   1.2537074e+02   2.6826972e+01   2.5000000e+02
   1.2550425e+02   2.6917703e+01   2.5000000e+02
   1.2563760e+02   2.7008748e+01   2.5000000e+02
   1.2577110e+02   2.7099742e+01   2.5000000e+02
   1.2590402e+02   2.7191535e+01   2.5000000e+02
   1.2603637e+02   2.7284108e+01   2.5000000e+02
   1.2616876e+02   2.7376756e+01   2.5000000e+02
   1.2630068e+02   2.7470061e+01   2.5000000e+02
   1.2643190e+02   2.7564260e+01   2.5000000e+02
   1.2656278e+02   2.7658947e+01   2.5000000e+02
   1.2669297e+02   2.7754483e+01   2.5000000e+02
   1.2681561e+02   2.7857680e+01   2.5000000e+02
   1.2693776e+02   2.7961430e+01   2.5000000e+02
   1.2705889e+02   2.8066212e+01   2.5000000e+02
   1.2717993e+02   2.8171190e+01   2.5000000e+02
   1.2729976e+02   2.8277344e+01   2.5000000e+02
   1.2741940e+02   2.8383766e+01   2.5000000e+02
   1.2753784e+02   2.8491332e+01   2.5000000e+02
   1.2765083e+02   2.8603391e+01   2.5000000e+02
   1.2776235e+02   2.8716708e+01   2.5000000e+02
   1.2787326e+02   2.8830567e+01   2.5000000e+02
   1.2798386e+02   2.8944758e+01   2.5000000e+02
   1.2809450e+02   2.9059005e+01   2.5000000e+02
   1.2820432e+02   2.9173954e+01   2.5000000e+02
   1.2831425e+02   2.9288902e+01   2.5000000e+02
   1.2842574e+02   2.9402792e+01   2.5000000e+02
   1.2853670e+02   2.9517170e+01   2.5000000e+02
   1.2864772e+02   2.9631602e+01   2.5000000e+02
   1.2875754e+02   2.9746982e+01   2.5000000e+02
   1.2886668e+02   2.9862941e+01   2.5000000e+02
   1.2897513e+02   2.9979477e+01   2.5000000e+02
   1.2908222e+02   3.0097046e+01   2.5000000e+02
   1.2918101e+02   3.0219813e+01   2.5000000e+02
   1.2927203e+02   3.0347243e+01   2.5000000e+02
   1.2936186e+02   3.0475366e+01   2.5000000e+02
   1.2944971e+02   3.0604556e+01   2.5000000e+02
   1.2953621e+02   3.0734484e+01   2.5000000e+02
   1.2962089e+02   3.0865345e+01   2.5000000e+02
   1.2970400e+02   3.0997000e+01   2.5000000e+02
   1.2239500e+02   2.5547000e+01   3.0000000e+02
   1.2251164e+02   2.5542000e+01   3.0000000e+02
   1.2262837e+02   2.5543837e+01   3.0000000e+02
   1.2274479e+02   2.5551940e+01   3.0000000e+02
   1.2285659e+02   2.5579336e+01   3.0000000e+02
   1.2296442e+02   2.5619904e+01   3.0000000e+02
   1.2307028e+02   2.5664562e+01   3.0000000e+02
   1.2317483e+02   2.5711747e+01   3.0000000e+02
   1.2327609e+02   2.5764439e+01   3.0000000e+02
   1.2337572e+02   2.5819734e+01   3.0000000e+02
   1.2347515e+02   2.5875391e+01   3.0000000e+02
   1.2357402e+02   2.5931909e+01   3.0000000e+02
   1.2367231e+02   2.5989304e+01   3.0000000e+02
   1.2377042e+02   2.6047009e+01   3.0000000e+02
   1.2386816e+02   2.6105296e+01   3.0000000e+02
   1.2396557e+02   2.6164082e+01   3.0000000e+02
   1.2406256e+02   2.6223498e+01   3.0000000e+02
   1.2415921e+02   2.6283412e+01   3.0000000e+02
   1.2425482e+02   2.6344730e+01   3.0000000e+02
   1.2434998e+02   2.6406662e+01   3.0000000e+02
   1.2444530e+02   2.6468453e+01   3.0000000e+02
   1.2454016e+02   2.6530887e+01   3.0000000e+02
   1.2463504e+02   2.6593344e+01   3.0000000e+02
   1.2472996e+02   2.6655825e+01   3.0000000e+02
   1.2482453e+02   2.6718786e+01   3.0000000e+02
   1.2491901e+02   2.6781920e+01   3.0000000e+02
   1.2501328e+02   2.6845360e+01   3.0000000e+02
   1.2510726e+02   2.6909215e+01   3.0000000e+02
   1.2520127e+02   2.6973095e+01   3.0000000e+02
   1.2529507e+02   2.7037280e+01   3.0000000e+02
   1.2538885e+02   2.7101551e+01   3.0000000e+02
   1.2548079e+02   2.7167925e+01   3.0000000e+02
   1.2557243e+02   2.7234714e+01   3.0000000e+02
   1.2566355e+02   2.7302122e+01   3.0000000e+02
   1.2575436e+02   2.7369926e+01   3.0000000e+02
   1.2584534e+02   2.7437595e+01   3.0000000e+02
   1.2593602e+02   2.7505652e+01   3.0000000e+02
   1.2602606e+02   2.7574431e+01   3.0000000e+02
   1.2611613e+02   2.7643235e+01   3.0000000e+02
   1.2620623e+02   2.7712062e+01   3.0000000e+02
   1.2629636e+02   2.7780915e+01   3.0000000e+02
   1.2638614e+02   2.7850192e+01   3.0000000e+02
   1.2647294e+02   2.7922372e+01   3.0000000e+02
   1.2655864e+02   2.7995680e+01   3.0000000e+02
   1.2664370e+02   2.8069616e+01   3.0000000e+02
   1.2672810e+02   2.8144189e+01   3.0000000e+02
   1.2681280e+02   2.8218557e+01   3.0000000e+02
   1.2689712e+02   2.8293308e+01   3.0000000e+02
   1.2698105e+02   2.8368447e+01   3.0000000e+02
   1.2706479e+02   2.8443807e+01   3.0000000e+02
   1.2714804e+02   2.8519634e+01   3.0000000e+02
   1.2723140e+02   2.8595415e+01   3.0000000e+02
   1.2731426e+02   2.8671671e+01   3.0000000e+02
   1.2739703e+02   2.8748046e+01   3.0000000e+02
   1.2747961e+02   2.8824638e+01   3.0000000e+02
   1.2756169e+02   2.8901694e+01   3.0000000e+02
   1.2764388e+02   2.8978697e+01   3.0000000e+02
   1.2772556e+02   2.9056174e+01   3.0000000e+02
   1.2780672e+02   2.9134112e+01   3.0000000e+02
   1.2788800e+02   2.9212000e+01   3.0000000e+02
