   2.7854800e+02  -2.9810000e+00   0.0000000e+00
   2.7824974e+02  -3.7118172e+00   0.0000000e+00
   2.7808113e+02  -4.4829192e+00   0.0000000e+00
   2.7804425e+02  -5.2720611e+00   0.0000000e+00
   2.7808359e+02  -6.0611663e+00   0.0000000e+00
   2.7820045e+02  -6.8429337e+00   0.0000000e+00
   2.7844145e+02  -7.5946424e+00   0.0000000e+00
   2.7875618e+02  -8.3204745e+00   0.0000000e+00
   2.7913138e+02  -9.0184712e+00   0.0000000e+00
   2.7955243e+02  -9.6906428e+00   0.0000000e+00
   2.7999423e+02  -1.0350613e+01   0.0000000e+00
   2.8043889e+02  -1.1009317e+01   0.0000000e+00
   2.8083993e+02  -1.1694734e+01   0.0000000e+00
   2.8124392e+02  -1.2378929e+01   0.0000000e+00
   2.8171033e+02  -1.3025302e+01   0.0000000e+00
   2.8219612e+02  -1.3658820e+01   0.0000000e+00
   2.8270488e+02  -1.4275912e+01   0.0000000e+00
   2.8324886e+02  -1.4865504e+01   0.0000000e+00
   2.8384186e+02  -1.5409920e+01   0.0000000e+00
   2.8446258e+02  -1.5927259e+01   0.0000000e+00
   2.8511743e+02  -1.6405848e+01   0.0000000e+00
   2.8577575e+02  -1.6882184e+01   0.0000000e+00
   2.8640518e+02  -1.7395062e+01   0.0000000e+00
   2.8702089e+02  -1.7924627e+01   0.0000000e+00
   2.8759675e+02  -1.8495171e+01   0.0000000e+00
   2.8814114e+02  -1.9093874e+01   0.0000000e+00
   2.8855550e+02  -1.9776767e+01   0.0000000e+00
   2.8873199e+02  -2.0549250e+01   0.0000000e+00
   2.8882913e+02  -2.1334438e+01   0.0000000e+00
   2.8885700e+02  -2.2124024e+01   0.0000000e+00
   2.8884707e+02  -2.2914422e+01   0.0000000e+00
   2.8879265e+02  -2.3703199e+01   0.0000000e+00
   2.8871802e+02  -2.4490728e+01   0.0000000e+00
   2.8860877e+02  -2.5274874e+01   0.0000000e+00
   2.8848338e+02  -2.6057223e+01   0.0000000e+00
   2.8834001e+02  -2.6837184e+01   0.0000000e+00
   2.8818577e+02  -2.7615666e+01   0.0000000e+00
   2.8800690e+02  -2.8390183e+01   0.0000000e+00
   2.8782479e+02  -2.9164377e+01   0.0000000e+00
   2.8765031e+02  -2.9940121e+01   0.0000000e+00
   2.8748896e+02  -3.0718220e+01   0.0000000e+00
   2.8738205e+02  -3.1503339e+01   0.0000000e+00
   2.8728746e+02  -3.2289704e+01   0.0000000e+00
   2.8719166e+02  -3.3076045e+01   0.0000000e+00
   2.8701959e+02  -3.3852445e+01   0.0000000e+00
   2.8660341e+02  -3.4562597e+01   0.0000000e+00
   2.8614653e+02  -3.5257176e+01   0.0000000e+00
   2.8577956e+02  -3.5988862e+01   0.0000000e+00
   2.8548105e+02  -3.6741647e+01   0.0000000e+00
   2.8529511e+02  -3.7518047e+01   0.0000000e+00
   2.8512506e+02  -3.8297047e+01   0.0000000e+00
   2.8496744e+02  -3.9077827e+01   0.0000000e+00
   2.8486127e+02  -3.9864045e+01   0.0000000e+00
   2.8470405e+02  -4.0644982e+01   0.0000000e+00
   2.8451655e+02  -4.1422702e+01   0.0000000e+00
   2.8434910e+02  -4.2203151e+01   0.0000000e+00
   2.8419776e+02  -4.2985736e+01   0.0000000e+00
   2.8404609e+02  -4.3768481e+01   0.0000000e+00
   2.8391443e+02  -4.4553119e+01   0.0000000e+00
   2.8384400e+02  -4.5342000e+01   0.0000000e+00
   2.8002200e+02  -3.2800000e+00   5.0000000e+01
   2.7970725e+02  -3.9891826e+00   5.0000000e+01
   2.7946631e+02  -4.7266575e+00   5.0000000e+01
   2.7941200e+02  -5.4985947e+00   5.0000000e+01
   2.7952272e+02  -6.2622736e+00   5.0000000e+01
   2.7975098e+02  -7.0042165e+00   5.0000000e+01
   2.8004665e+02  -7.7216718e+00   5.0000000e+01
   2.8039385e+02  -8.4172936e+00   5.0000000e+01
   2.8076616e+02  -9.1002540e+00   5.0000000e+01
   2.8118572e+02  -9.7566094e+00   5.0000000e+01
   2.8161347e+02  -1.0408341e+01   5.0000000e+01
   2.8204170e+02  -1.1060338e+01   5.0000000e+01
   2.8247275e+02  -1.1711153e+01   5.0000000e+01
   2.8290805e+02  -1.2359896e+01   5.0000000e+01
   2.8335630e+02  -1.3000887e+01   5.0000000e+01
   2.8381895e+02  -1.3632864e+01   5.0000000e+01
   2.8432452e+02  -1.4232869e+01   5.0000000e+01
   2.8488424e+02  -1.4788088e+01   5.0000000e+01
   2.8551354e+02  -1.5260364e+01   5.0000000e+01
   2.8625564e+02  -1.5560810e+01   5.0000000e+01
   2.8695666e+02  -1.5931063e+01   5.0000000e+01
   2.8756777e+02  -1.6438420e+01   5.0000000e+01
   2.8814717e+02  -1.6980434e+01   5.0000000e+01
   2.8868416e+02  -1.7562701e+01   5.0000000e+01
   2.8919073e+02  -1.8170524e+01   5.0000000e+01
   2.8956720e+02  -1.8854755e+01   5.0000000e+01
   2.8985124e+02  -1.9582764e+01   5.0000000e+01
   2.9007181e+02  -2.0329090e+01   5.0000000e+01
   2.9016754e+02  -2.1099811e+01   5.0000000e+01
   2.9023230e+02  -2.1873388e+01   5.0000000e+01
   2.9026124e+02  -2.2648568e+01   5.0000000e+01
   2.9024379e+02  -2.3424349e+01   5.0000000e+01
   2.9020880e+02  -2.4199632e+01   5.0000000e+01
   2.9015428e+02  -2.4973999e+01   5.0000000e+01
   2.9003547e+02  -2.5741649e+01   5.0000000e+01
   2.8987140e+02  -2.6503496e+01   5.0000000e+01
   2.8969397e+02  -2.7263144e+01   5.0000000e+01
   2.8947766e+02  -2.8014836e+01   5.0000000e+01
   2.8924844e+02  -2.8764136e+01   5.0000000e+01
   2.8903169e+02  -2.9516635e+01   5.0000000e+01
   2.8886036e+02  -3.0276561e+01   5.0000000e+01
   2.8884900e+02  -3.1052444e+01   5.0000000e+01
   2.8884891e+02  -3.1828414e+01   5.0000000e+01
   2.8880750e+02  -3.2602926e+01   5.0000000e+01
   2.8869926e+02  -3.3373513e+01   5.0000000e+01
   2.8848515e+02  -3.4126612e+01   5.0000000e+01
   2.8818407e+02  -3.4861809e+01   5.0000000e+01
   2.8785068e+02  -3.5588375e+01   5.0000000e+01
   2.8751948e+02  -3.6316527e+01   5.0000000e+01
   2.8728396e+02  -3.7068749e+01   5.0000000e+01
   2.8708634e+02  -3.7828656e+01   5.0000000e+01
   2.8696818e+02  -3.8598925e+01   5.0000000e+01
   2.8687943e+02  -3.9371788e+01   5.0000000e+01
   2.8683306e+02  -4.0146364e+01   5.0000000e+01
   2.8687811e+02  -4.0921564e+01   5.0000000e+01
   2.8693210e+02  -4.1696470e+01   5.0000000e+01
   2.8694900e+02  -4.2472223e+01   5.0000000e+01
   2.8694931e+02  -4.3248188e+01   5.0000000e+01
   2.8694165e+02  -4.4024129e+01   5.0000000e+01
   2.8692500e+02  -4.4800000e+01   5.0000000e+01
   2.8234500e+02  -2.6610000e+00   1.0000000e+02
   2.8242695e+02  -3.3976188e+00   1.0000000e+02
   2.8252618e+02  -4.1321251e+00   1.0000000e+02
   2.8266494e+02  -4.8597484e+00   1.0000000e+02
   2.8284405e+02  -5.5791185e+00   1.0000000e+02
   2.8303864e+02  -6.2945586e+00   1.0000000e+02
   2.8328079e+02  -6.9951043e+00   1.0000000e+02
   2.8355155e+02  -7.6858933e+00   1.0000000e+02
   2.8383321e+02  -8.3725793e+00   1.0000000e+02
   2.8412708e+02  -9.0544547e+00   1.0000000e+02
   2.8445581e+02  -9.7207214e+00   1.0000000e+02
   2.8479697e+02  -1.0381387e+01   1.0000000e+02
   2.8514511e+02  -1.1038894e+01   1.0000000e+02
   2.8551052e+02  -1.1687726e+01   1.0000000e+02
   2.8587490e+02  -1.2337573e+01   1.0000000e+02
   2.8622382e+02  -1.2995396e+01   1.0000000e+02
   2.8651763e+02  -1.3679207e+01   1.0000000e+02
   2.8682340e+02  -1.4358389e+01   1.0000000e+02
   2.8720323e+02  -1.4995812e+01   1.0000000e+02
   2.8772040e+02  -1.5543871e+01   1.0000000e+02
   2.8825317e+02  -1.6079174e+01   1.0000000e+02
   2.8877567e+02  -1.6624197e+01   1.0000000e+02
   2.8923550e+02  -1.7220656e+01   1.0000000e+02
   2.8967276e+02  -1.7833335e+01   1.0000000e+02
   2.9005744e+02  -1.8475667e+01   1.0000000e+02
   2.9032400e+02  -1.9172495e+01   1.0000000e+02
   2.9055466e+02  -1.9880830e+01   1.0000000e+02
   2.9069493e+02  -2.0610189e+01   1.0000000e+02
   2.9081278e+02  -2.1343120e+01   1.0000000e+02
   2.9091030e+02  -2.2078703e+01   1.0000000e+02
   2.9095068e+02  -2.2818849e+01   1.0000000e+02
   2.9097335e+02  -2.3559713e+01   1.0000000e+02
   2.9098200e+02  -2.4300829e+01   1.0000000e+02
   2.9094009e+02  -2.5040943e+01   1.0000000e+02
   2.9088216e+02  -2.5780253e+01   1.0000000e+02
   2.9079108e+02  -2.6516555e+01   1.0000000e+02
   2.9066416e+02  -2.7249024e+01   1.0000000e+02
   2.9052933e+02  -2.7980500e+01   1.0000000e+02
   2.9039071e+02  -2.8711559e+01   1.0000000e+02
   2.9026272e+02  -2.9444238e+01   1.0000000e+02
   2.9013566e+02  -3.0177167e+01   1.0000000e+02
   2.9000663e+02  -3.0909958e+01   1.0000000e+02
   2.8987459e+02  -3.1642480e+01   1.0000000e+02
   2.8973583e+02  -3.2374243e+01   1.0000000e+02
   2.8958146e+02  -3.3103941e+01   1.0000000e+02
   2.8941033e+02  -3.3831219e+01   1.0000000e+02
   2.8914706e+02  -3.4539061e+01   1.0000000e+02
   2.8885165e+02  -3.5239495e+01   1.0000000e+02
   2.8854442e+02  -3.5937280e+01   1.0000000e+02
   2.8828365e+02  -3.6647211e+01   1.0000000e+02
   2.8808002e+02  -3.7370287e+01   1.0000000e+02
   2.8790135e+02  -3.8097837e+01   1.0000000e+02
   2.8780720e+02  -3.8835014e+01   1.0000000e+02
   2.8773844e+02  -3.9574256e+01   1.0000000e+02
   2.8768206e+02  -4.0314161e+01   1.0000000e+02
   2.8763323e+02  -4.1054400e+01   1.0000000e+02
   2.8759090e+02  -4.1794887e+01   1.0000000e+02
   2.8755157e+02  -4.2535482e+01   1.0000000e+02
   2.8751583e+02  -4.3276189e+01   1.0000000e+02
   2.8748400e+02  -4.4017000e+01   1.0000000e+02
   2.8439500e+02  -2.7330000e+00   1.5000000e+02
   2.8449071e+02  -3.4431551e+00   1.5000000e+02
   2.8459919e+02  -4.1514808e+00   1.5000000e+02
   2.8472081e+02  -4.8577055e+00   1.5000000e+02
   2.8490141e+02  -5.5512282e+00   1.5000000e+02
   2.8509384e+02  -6.2417491e+00   1.5000000e+02
   2.8529273e+02  -6.9305377e+00   1.5000000e+02
   2.8549314e+02  -7.6189575e+00   1.5000000e+02
   2.8568988e+02  -8.3085196e+00   1.5000000e+02
   2.8589154e+02  -8.9967911e+00   1.5000000e+02
   2.8610163e+02  -9.6827112e+00   1.5000000e+02
   2.8632195e+02  -1.0365637e+01   1.5000000e+02
   2.8656281e+02  -1.1041438e+01   1.5000000e+02
   2.8689072e+02  -1.1681827e+01   1.5000000e+02
   2.8722969e+02  -1.2317065e+01   1.5000000e+02
   2.8757932e+02  -1.2947204e+01   1.5000000e+02
   2.8794020e+02  -1.3571723e+01   1.5000000e+02
   2.8832276e+02  -1.4184533e+01   1.5000000e+02
   2.8871050e+02  -1.4794885e+01   1.5000000e+02
   2.8911201e+02  -1.5397489e+01   1.5000000e+02
   2.8951770e+02  -1.5998271e+01   1.5000000e+02
   2.8991910e+02  -1.6602443e+01   1.5000000e+02
   2.9028845e+02  -1.7225314e+01   1.5000000e+02
   2.9062947e+02  -1.7863833e+01   1.5000000e+02
   2.9095653e+02  -1.8509494e+01   1.5000000e+02
   2.9121812e+02  -1.9181236e+01   1.5000000e+02
   2.9144823e+02  -1.9864165e+01   1.5000000e+02
   2.9166198e+02  -2.0552062e+01   1.5000000e+02
   2.9185293e+02  -2.1245755e+01   1.5000000e+02
   2.9197879e+02  -2.1952674e+01   1.5000000e+02
   2.9209142e+02  -2.2661612e+01   1.5000000e+02
   2.9219066e+02  -2.3372317e+01   1.5000000e+02
   2.9227773e+02  -2.4084363e+01   1.5000000e+02
   2.9231596e+02  -2.4800079e+01   1.5000000e+02
   2.9234650e+02  -2.5516109e+01   1.5000000e+02
   2.9237233e+02  -2.6232297e+01   1.5000000e+02
   2.9240328e+02  -2.6948262e+01   1.5000000e+02
   2.9244560e+02  -2.7663838e+01   1.5000000e+02
   2.9247986e+02  -2.8379754e+01   1.5000000e+02
   2.9249801e+02  -2.9096131e+01   1.5000000e+02
   2.9249590e+02  -2.9812667e+01   1.5000000e+02
   2.9239111e+02  -3.0522899e+01   1.5000000e+02
   2.9222874e+02  -3.1225620e+01   1.5000000e+02
   2.9199681e+02  -3.1914104e+01   1.5000000e+02
   2.9148086e+02  -3.2480592e+01   1.5000000e+02
   2.9100448e+02  -3.3069470e+01   1.5000000e+02
   2.9065590e+02  -3.3724196e+01   1.5000000e+02
   2.9032849e+02  -3.4387428e+01   1.5000000e+02
   2.9000603e+02  -3.5053166e+01   1.5000000e+02
   2.8969388e+02  -3.5723006e+01   1.5000000e+02
   2.8941374e+02  -3.6402373e+01   1.5000000e+02
   2.8918350e+02  -3.7094767e+01   1.5000000e+02
   2.8896756e+02  -3.7790499e+01   1.5000000e+02
   2.8878717e+02  -3.8492613e+01   1.5000000e+02
   2.8863678e+02  -3.9199531e+01   1.5000000e+02
   2.8849849e+02  -3.9908115e+01   1.5000000e+02
   2.8838039e+02  -4.0618863e+01   1.5000000e+02
   2.8830121e+02  -4.1332925e+01   1.5000000e+02
   2.8823303e+02  -4.2047677e+01   1.5000000e+02
   2.8817600e+02  -4.2763000e+01   1.5000000e+02
   2.8497500e+02  -2.8250000e+00   2.0000000e+02
   2.8510455e+02  -3.5103608e+00   2.0000000e+02
   2.8524161e+02  -4.1942842e+00   2.0000000e+02
   2.8538531e+02  -4.8768743e+00   2.0000000e+02
   2.8553738e+02  -5.5576972e+00   2.0000000e+02
   2.8569610e+02  -6.2370522e+00   2.0000000e+02
   2.8587789e+02  -6.9105043e+00   2.0000000e+02
   2.8608224e+02  -7.5778501e+00   2.0000000e+02
   2.8629466e+02  -8.2428171e+00   2.0000000e+02
   2.8652428e+02  -8.9021054e+00   2.0000000e+02
   2.8678200e+02  -9.5515220e+00   2.0000000e+02
   2.8704760e+02  -1.0198041e+01   2.0000000e+02
   2.8732283e+02  -1.0840867e+01   2.0000000e+02
   2.8763409e+02  -1.1467894e+01   2.0000000e+02
   2.8795420e+02  -1.2090996e+01   2.0000000e+02
   2.8828016e+02  -1.2711569e+01   2.0000000e+02
   2.8862588e+02  -1.3322290e+01   2.0000000e+02
   2.8897577e+02  -1.3931248e+01   2.0000000e+02
   2.8933056e+02  -1.4538043e+01   2.0000000e+02
   2.8969321e+02  -1.5140973e+01   2.0000000e+02
   2.9006282e+02  -1.5740589e+01   2.0000000e+02
   2.9043243e+02  -1.6340824e+01   2.0000000e+02
   2.9079728e+02  -1.6944357e+01   2.0000000e+02
   2.9115620e+02  -1.7551770e+01   2.0000000e+02
   2.9150806e+02  -1.8163555e+01   2.0000000e+02
   2.9184744e+02  -1.8782275e+01   2.0000000e+02
   2.9214470e+02  -1.9419452e+01   2.0000000e+02
   2.9238457e+02  -2.0079349e+01   2.0000000e+02
   2.9260790e+02  -2.0744661e+01   2.0000000e+02
   2.9277824e+02  -2.1423356e+01   2.0000000e+02
   2.9292205e+02  -2.2107904e+01   2.0000000e+02
   2.9305335e+02  -2.2794724e+01   2.0000000e+02
   2.9315940e+02  -2.3485182e+01   2.0000000e+02
   2.9324617e+02  -2.4178115e+01   2.0000000e+02
   2.9332620e+02  -2.4871768e+01   2.0000000e+02
   2.9339971e+02  -2.5566053e+01   2.0000000e+02
   2.9346071e+02  -2.6261347e+01   2.0000000e+02
   2.9351213e+02  -2.6957292e+01   2.0000000e+02
   2.9355199e+02  -2.7653846e+01   2.0000000e+02
   2.9357161e+02  -2.8350818e+01   2.0000000e+02
   2.9350547e+02  -2.9045858e+01   2.0000000e+02
   2.9342166e+02  -2.9739480e+01   2.0000000e+02
   2.9331938e+02  -3.0431300e+01   2.0000000e+02
   2.9317704e+02  -3.1117678e+01   2.0000000e+02
   2.9299572e+02  -3.1797753e+01   2.0000000e+02
   2.9278118e+02  -3.2471079e+01   2.0000000e+02
   2.9244935e+02  -3.3108233e+01   2.0000000e+02
   2.9198751e+02  -3.3686463e+01   2.0000000e+02
   2.9145426e+02  -3.4225742e+01   2.0000000e+02
   2.9094186e+02  -3.4778997e+01   2.0000000e+02
   2.9056496e+02  -3.5404507e+01   2.0000000e+02
   2.9021566e+02  -3.6041656e+01   2.0000000e+02
   2.8990792e+02  -3.6692897e+01   2.0000000e+02
   2.8967454e+02  -3.7364995e+01   2.0000000e+02
   2.8945889e+02  -3.8041250e+01   2.0000000e+02
   2.8926081e+02  -3.8721199e+01   2.0000000e+02
   2.8907901e+02  -3.9404222e+01   2.0000000e+02
   2.8893583e+02  -4.0092616e+01   2.0000000e+02
   2.8882763e+02  -4.0785195e+01   2.0000000e+02
   2.8873300e+02  -4.1479000e+01   2.0000000e+02
   2.8549300e+02  -3.0510000e+00   2.5000000e+02
   2.8558816e+02  -3.5867363e+00   2.5000000e+02
   2.8568873e+02  -4.1214979e+00   2.5000000e+02
   2.8579295e+02  -4.6555744e+00   2.5000000e+02
   2.8590317e+02  -5.1884546e+00   2.5000000e+02
   2.8603417e+02  -5.7166853e+00   2.5000000e+02
   2.8616860e+02  -6.2440980e+00   2.5000000e+02
   2.8630776e+02  -6.7703345e+00   2.5000000e+02
   2.8645239e+02  -7.2951229e+00   2.5000000e+02
   2.8661487e+02  -7.8148259e+00   2.5000000e+02
   2.8678262e+02  -8.3329550e+00   2.5000000e+02
   2.8695591e+02  -8.8493673e+00   2.5000000e+02
   2.8713733e+02  -9.3630379e+00   2.5000000e+02
   2.8735092e+02  -9.8647309e+00   2.5000000e+02
   2.8757009e+02  -1.0364212e+01   2.5000000e+02
   2.8779462e+02  -1.0861542e+01   2.5000000e+02
   2.8802935e+02  -1.1354395e+01   2.5000000e+02
   2.8827975e+02  -1.1840066e+01   2.5000000e+02
   2.8853378e+02  -1.2324152e+01   2.5000000e+02
   2.8879191e+02  -1.2806401e+01   2.5000000e+02
   2.8905867e+02  -1.3284367e+01   2.5000000e+02
   2.8933748e+02  -1.3756126e+01   2.5000000e+02
   2.8961787e+02  -1.4227312e+01   2.5000000e+02
   2.8990106e+02  -1.4697249e+01   2.5000000e+02
   2.9018651e+02  -1.5166258e+01   2.5000000e+02
   2.9047565e+02  -1.5633525e+01   2.5000000e+02
   2.9077066e+02  -1.6097753e+01   2.5000000e+02
   2.9109695e+02  -1.6542605e+01   2.5000000e+02
   2.9142938e+02  -1.6983886e+01   2.5000000e+02
   2.9176246e+02  -1.7425250e+01   2.5000000e+02
   2.9209089e+02  -1.7870310e+01   2.5000000e+02
   2.9240888e+02  -1.8322702e+01   2.5000000e+02
   2.9268954e+02  -1.8795902e+01   2.5000000e+02
   2.9291490e+02  -1.9296525e+01   2.5000000e+02
   2.9310284e+02  -1.9810795e+01   2.5000000e+02
   2.9327209e+02  -2.0331142e+01   2.5000000e+02
   2.9341279e+02  -2.0858764e+01   2.5000000e+02
   2.9352832e+02  -2.1392075e+01   2.5000000e+02
   2.9363518e+02  -2.1927031e+01   2.5000000e+02
   2.9372887e+02  -2.2464102e+01   2.5000000e+02
   2.9380711e+02  -2.3003391e+01   2.5000000e+02
   2.9388039e+02  -2.3543305e+01   2.5000000e+02
   2.9394158e+02  -2.4084486e+01   2.5000000e+02
   2.9399477e+02  -2.4626420e+01   2.5000000e+02
   2.9404415e+02  -2.5168675e+01   2.5000000e+02
   2.9408887e+02  -2.5711271e+01   2.5000000e+02
   2.9412919e+02  -2.6254157e+01   2.5000000e+02
   2.9415303e+02  -2.6797705e+01   2.5000000e+02
   2.9415920e+02  -2.7341770e+01   2.5000000e+02
   2.9416000e+02  -2.7885869e+01   2.5000000e+02
   2.9415491e+02  -2.8429945e+01   2.5000000e+02
   2.9414359e+02  -2.8973944e+01   2.5000000e+02
   2.9410735e+02  -2.9516940e+01   2.5000000e+02
   2.9405261e+02  -3.0058955e+01   2.5000000e+02
   2.9398971e+02  -3.0600336e+01   2.5000000e+02
   2.9391924e+02  -3.1141059e+01   2.5000000e+02
   2.9383716e+02  -3.1680570e+01   2.5000000e+02
   2.9370729e+02  -3.2213388e+01   2.5000000e+02
   2.9356805e+02  -3.2744657e+01   2.5000000e+02
   2.9341800e+02  -3.3274000e+01   2.5000000e+02
   2.8590200e+02  -3.0610000e+00   3.0000000e+02
   2.8598401e+02  -3.5892860e+00   3.0000000e+02
   2.8607108e+02  -4.1167749e+00   3.0000000e+02
   2.8616263e+02  -4.6435148e+00   3.0000000e+02
   2.8626083e+02  -5.1690695e+00   3.0000000e+02
   2.8638247e+02  -5.6897679e+00   3.0000000e+02
   2.8650861e+02  -6.2094297e+00   3.0000000e+02
   2.8663884e+02  -6.7281279e+00   3.0000000e+02
   2.8677960e+02  -7.2441087e+00   3.0000000e+02
   2.8692847e+02  -7.7579262e+00   3.0000000e+02
   2.8708248e+02  -8.2702968e+00   3.0000000e+02
   2.8724396e+02  -8.7804234e+00   3.0000000e+02
   2.8743889e+02  -9.2791519e+00   3.0000000e+02
   2.8764084e+02  -9.7752571e+00   3.0000000e+02
   2.8784784e+02  -1.0269459e+01   3.0000000e+02
   2.8806925e+02  -1.0757685e+01   3.0000000e+02
   2.8829747e+02  -1.1243076e+01   3.0000000e+02
   2.8853102e+02  -1.1726184e+01   3.0000000e+02
   2.8877888e+02  -1.2202625e+01   3.0000000e+02
   2.8903059e+02  -1.2677359e+01   3.0000000e+02
   2.8929437e+02  -1.3145974e+01   3.0000000e+02
   2.8956954e+02  -1.3608712e+01   3.0000000e+02
   2.8984795e+02  -1.4069923e+01   3.0000000e+02
   2.9012498e+02  -1.4532234e+01   3.0000000e+02
   2.9040818e+02  -1.4991369e+01   3.0000000e+02
   2.9070678e+02  -1.5441319e+01   3.0000000e+02
   2.9104123e+02  -1.5868016e+01   3.0000000e+02
   2.9139058e+02  -1.6283872e+01   3.0000000e+02
   2.9177710e+02  -1.6669102e+01   3.0000000e+02
   2.9216812e+02  -1.7050879e+01   3.0000000e+02
   2.9255509e+02  -1.7437127e+01   3.0000000e+02
   2.9291113e+02  -1.7847924e+01   3.0000000e+02
   2.9317995e+02  -1.8317388e+01   3.0000000e+02
   2.9342626e+02  -1.8798227e+01   3.0000000e+02
   2.9364344e+02  -1.9291306e+01   3.0000000e+02
   2.9380661e+02  -1.9803288e+01   3.0000000e+02
   2.9395467e+02  -2.0319470e+01   3.0000000e+02
   2.9408936e+02  -2.0838968e+01   3.0000000e+02
   2.9419401e+02  -2.1364205e+01   3.0000000e+02
   2.9427265e+02  -2.1893769e+01   3.0000000e+02
   2.9434452e+02  -2.2424197e+01   3.0000000e+02
   2.9440916e+02  -2.2955444e+01   3.0000000e+02
   2.9446647e+02  -2.3487437e+01   3.0000000e+02
   2.9452010e+02  -2.4019780e+01   3.0000000e+02
   2.9456855e+02  -2.4552531e+01   3.0000000e+02
   2.9461054e+02  -2.5085771e+01   3.0000000e+02
   2.9464870e+02  -2.5619252e+01   3.0000000e+02
   2.9468257e+02  -2.6152977e+01   3.0000000e+02
   2.9471236e+02  -2.6686910e+01   3.0000000e+02
   2.9472700e+02  -2.7221203e+01   3.0000000e+02
   2.9472047e+02  -2.7755766e+01   3.0000000e+02
   2.9470970e+02  -2.8290278e+01   3.0000000e+02
   2.9469367e+02  -2.8824687e+01   3.0000000e+02
   2.9466199e+02  -2.9358495e+01   3.0000000e+02
   2.9462049e+02  -2.9891873e+01   3.0000000e+02
   2.9457301e+02  -3.0424892e+01   3.0000000e+02
   2.9452231e+02  -3.0957707e+01   3.0000000e+02
   2.9446650e+02  -3.1490169e+01   3.0000000e+02
   2.9440108e+02  -3.2021817e+01   3.0000000e+02
   2.9432000e+02  -3.2552000e+01   3.0000000e+02
   2.8624700e+02  -3.0550000e+00   3.5000000e+02
   2.8631519e+02  -3.5770266e+00   3.5000000e+02
   2.8638853e+02  -4.0983628e+00   3.5000000e+02
   2.8646839e+02  -4.6187502e+00   3.5000000e+02
   2.8656291e+02  -5.1365590e+00   3.5000000e+02
   2.8667372e+02  -5.6513193e+00   3.5000000e+02
   2.8678971e+02  -6.1649640e+00   3.5000000e+02
   2.8691074e+02  -6.6774913e+00   3.5000000e+02
   2.8704705e+02  -7.1862205e+00   3.5000000e+02
   2.8719027e+02  -7.6931460e+00   3.5000000e+02
   2.8733855e+02  -8.1986947e+00   3.5000000e+02
   2.8749396e+02  -8.7021940e+00   3.5000000e+02
   2.8768050e+02  -9.1952457e+00   3.5000000e+02
   2.8787491e+02  -9.6855183e+00   3.5000000e+02
   2.8807578e+02  -1.0173359e+01   3.5000000e+02
   2.8828650e+02  -1.0657295e+01   3.5000000e+02
   2.8850165e+02  -1.1139490e+01   3.5000000e+02
   2.8872711e+02  -1.1617224e+01   3.5000000e+02
   2.8896503e+02  -1.2089375e+01   3.5000000e+02
   2.8920844e+02  -1.2559046e+01   3.5000000e+02
   2.8946907e+02  -1.3020073e+01   3.5000000e+02
   2.8973470e+02  -1.3478637e+01   3.5000000e+02
   2.9000982e+02  -1.3932188e+01   3.5000000e+02
   2.9029079e+02  -1.4382659e+01   3.5000000e+02
   2.9059967e+02  -1.4815876e+01   3.5000000e+02
   2.9092309e+02  -1.5239618e+01   3.5000000e+02
   2.9128177e+02  -1.5635770e+01   3.5000000e+02
   2.9166739e+02  -1.6009248e+01   3.5000000e+02
   2.9206944e+02  -1.6366648e+01   3.5000000e+02
   2.9249582e+02  -1.6698415e+01   3.5000000e+02
   2.9291771e+02  -1.7036023e+01   3.5000000e+02
   2.9329931e+02  -1.7415824e+01   3.5000000e+02
   2.9365838e+02  -1.7815723e+01   3.5000000e+02
   2.9391473e+02  -1.8281644e+01   3.5000000e+02
   2.9413879e+02  -1.8763264e+01   3.5000000e+02
   2.9430150e+02  -1.9266694e+01   3.5000000e+02
   2.9444782e+02  -1.9774744e+01   3.5000000e+02
   2.9458089e+02  -2.0286083e+01   3.5000000e+02
   2.9466587e+02  -2.0806473e+01   3.5000000e+02
   2.9474300e+02  -2.1327974e+01   3.5000000e+02
   2.9481323e+02  -2.1850357e+01   3.5000000e+02
   2.9487669e+02  -2.2373511e+01   3.5000000e+02
   2.9493707e+02  -2.2897003e+01   3.5000000e+02
   2.9498560e+02  -2.3421552e+01   3.5000000e+02
   2.9503130e+02  -2.3946333e+01   3.5000000e+02
   2.9507344e+02  -2.4471381e+01   3.5000000e+02
   2.9511261e+02  -2.4996624e+01   3.5000000e+02
   2.9514881e+02  -2.5522050e+01   3.5000000e+02
   2.9517346e+02  -2.6047955e+01   3.5000000e+02
   2.9518435e+02  -2.6574314e+01   3.5000000e+02
   2.9519161e+02  -2.7100724e+01   3.5000000e+02
   2.9519556e+02  -2.7627160e+01   3.5000000e+02
   2.9519500e+02  -2.8153608e+01   3.5000000e+02
   2.9517994e+02  -2.8679807e+01   3.5000000e+02
   2.9515211e+02  -2.9205692e+01   3.5000000e+02
   2.9512078e+02  -2.9731435e+01   3.5000000e+02
   2.9508574e+02  -3.0257010e+01   3.5000000e+02
   2.9504266e+02  -3.0782132e+01   3.5000000e+02
   2.9498998e+02  -3.1306642e+01   3.5000000e+02
   2.9493500e+02  -3.1831000e+01   3.5000000e+02
   2.8653900e+02  -2.9750000e+00   4.0000000e+02
   2.8660725e+02  -3.4965349e+00   4.0000000e+02
   2.8668142e+02  -4.0172734e+00   4.0000000e+02
   2.8676050e+02  -4.5372987e+00   4.0000000e+02
   2.8685417e+02  -5.0547996e+00   4.0000000e+02
   2.8696298e+02  -5.5694788e+00   4.0000000e+02
   2.8707597e+02  -6.0832961e+00   4.0000000e+02
   2.8719329e+02  -6.5961779e+00   4.0000000e+02
   2.8732440e+02  -7.1057885e+00   4.0000000e+02
   2.8745984e+02  -7.6143171e+00   4.0000000e+02
   2.8760011e+02  -8.1216011e+00   4.0000000e+02
   2.8775128e+02  -8.6257371e+00   4.0000000e+02
   2.8792485e+02  -9.1229644e+00   4.0000000e+02
   2.8810398e+02  -9.6183550e+00   4.0000000e+02
   2.8828942e+02  -1.0111561e+01   4.0000000e+02
   2.8849052e+02  -1.0598907e+01   4.0000000e+02
   2.8869501e+02  -1.1085020e+01   4.0000000e+02
   2.8891155e+02  -1.1566150e+01   4.0000000e+02
   2.8914227e+02  -1.2041172e+01   4.0000000e+02
   2.8938233e+02  -1.2511885e+01   4.0000000e+02
   2.8964325e+02  -1.2972180e+01   4.0000000e+02
   2.8991292e+02  -1.3427930e+01   4.0000000e+02
   2.9019374e+02  -1.3877449e+01   4.0000000e+02
   2.9050474e+02  -1.4308316e+01   4.0000000e+02
   2.9083988e+02  -1.4721560e+01   4.0000000e+02
   2.9121622e+02  -1.5101505e+01   4.0000000e+02
   2.9160691e+02  -1.5468372e+01   4.0000000e+02
   2.9203560e+02  -1.5794134e+01   4.0000000e+02
   2.9247314e+02  -1.6109813e+01   4.0000000e+02
   2.9291666e+02  -1.6418629e+01   4.0000000e+02
   2.9334704e+02  -1.6744423e+01   4.0000000e+02
   2.9374889e+02  -1.7103280e+01   4.0000000e+02
   2.9409069e+02  -1.7511634e+01   4.0000000e+02
   2.9435423e+02  -1.7973726e+01   4.0000000e+02
   2.9458737e+02  -1.8450542e+01   4.0000000e+02
   2.9475620e+02  -1.8951574e+01   4.0000000e+02
   2.9490690e+02  -1.9457904e+01   4.0000000e+02
   2.9500976e+02  -1.9974645e+01   4.0000000e+02
   2.9509535e+02  -2.0494445e+01   4.0000000e+02
   2.9517383e+02  -2.1015271e+01   4.0000000e+02
   2.9524069e+02  -2.1537536e+01   4.0000000e+02
   2.9530355e+02  -2.2060258e+01   4.0000000e+02
   2.9536250e+02  -2.2583400e+01   4.0000000e+02
   2.9541369e+02  -2.3107212e+01   4.0000000e+02
   2.9545476e+02  -2.3631833e+01   4.0000000e+02
   2.9549256e+02  -2.4156666e+01   4.0000000e+02
   2.9552763e+02  -2.4681669e+01   4.0000000e+02
   2.9555426e+02  -2.5207051e+01   4.0000000e+02
   2.9557318e+02  -2.5732747e+01   4.0000000e+02
   2.9558941e+02  -2.6258515e+01   4.0000000e+02
   2.9560309e+02  -2.6784345e+01   4.0000000e+02
   2.9561100e+02  -2.7310254e+01   4.0000000e+02
   2.9560932e+02  -2.7836223e+01   4.0000000e+02
   2.9560426e+02  -2.8362178e+01   4.0000000e+02
   2.9559621e+02  -2.8888101e+01   4.0000000e+02
   2.9558175e+02  -2.9413897e+01   4.0000000e+02
   2.9554669e+02  -2.9938987e+01   4.0000000e+02
   2.9550849e+02  -3.0463922e+01   4.0000000e+02
   2.9546528e+02  -3.0988582e+01   4.0000000e+02
   2.9541800e+02  -3.1513000e+01   4.0000000e+02
   2.8682000e+02  -2.8930000e+00   4.5000000e+02
   2.8690138e+02  -3.4063297e+00   4.5000000e+02
   2.8698591e+02  -3.9191675e+00   4.5000000e+02
   2.8707639e+02  -4.4309671e+00   4.5000000e+02
   2.8717882e+02  -4.9405726e+00   4.5000000e+02
   2.8728489e+02  -5.4494458e+00   4.5000000e+02
   2.8739234e+02  -5.9580531e+00   4.5000000e+02
   2.8750300e+02  -6.4660046e+00   4.5000000e+02
   2.8761706e+02  -6.9732281e+00   4.5000000e+02
   2.8773420e+02  -7.4797857e+00   4.5000000e+02
   2.8785486e+02  -7.9855704e+00   4.5000000e+02
   2.8799138e+02  -8.4872919e+00   4.5000000e+02
   2.8814114e+02  -8.9854870e+00   4.5000000e+02
   2.8829717e+02  -9.4818693e+00   4.5000000e+02
   2.8846868e+02  -9.9732434e+00   4.5000000e+02
   2.8865173e+02  -1.0460748e+01   4.5000000e+02
   2.8883998e+02  -1.0946441e+01   4.5000000e+02
   2.8904324e+02  -1.1426284e+01   4.5000000e+02
   2.8926109e+02  -1.1900192e+01   4.5000000e+02
   2.8948694e+02  -1.2370681e+01   4.5000000e+02
   2.8972561e+02  -1.2835142e+01   4.5000000e+02
   2.8999735e+02  -1.3282382e+01   4.5000000e+02
   2.9028361e+02  -1.3721257e+01   4.5000000e+02
   2.9061532e+02  -1.4127968e+01   4.5000000e+02
   2.9098365e+02  -1.4505734e+01   4.5000000e+02
   2.9138600e+02  -1.4848720e+01   4.5000000e+02
   2.9182058e+02  -1.5155134e+01   4.5000000e+02
   2.9226689e+02  -1.5446202e+01   4.5000000e+02
   2.9274139e+02  -1.5693552e+01   4.5000000e+02
   2.9320175e+02  -1.5963878e+01   4.5000000e+02
   2.9363067e+02  -1.6280523e+01   4.5000000e+02
   2.9401781e+02  -1.6642148e+01   4.5000000e+02
   2.9435854e+02  -1.7046685e+01   4.5000000e+02
   2.9463392e+02  -1.7492273e+01   4.5000000e+02
   2.9484511e+02  -1.7971427e+01   4.5000000e+02
   2.9502726e+02  -1.8461232e+01   4.5000000e+02
   2.9517355e+02  -1.8962129e+01   4.5000000e+02
   2.9530756e+02  -1.9466204e+01   4.5000000e+02
   2.9540025e+02  -1.9978323e+01   4.5000000e+02
   2.9547863e+02  -2.0492809e+01   4.5000000e+02
   2.9554927e+02  -2.1008306e+01   4.5000000e+02
   2.9561486e+02  -2.1524419e+01   4.5000000e+02
   2.9566920e+02  -2.2041666e+01   4.5000000e+02
   2.9571768e+02  -2.2559452e+01   4.5000000e+02
   2.9576386e+02  -2.3077432e+01   4.5000000e+02
   2.9580668e+02  -2.3595666e+01   4.5000000e+02
   2.9584771e+02  -2.4114038e+01   4.5000000e+02
   2.9588096e+02  -2.4632840e+01   4.5000000e+02
   2.9590447e+02  -2.5152123e+01   4.5000000e+02
   2.9592615e+02  -2.5671477e+01   4.5000000e+02
   2.9594493e+02  -2.6190929e+01   4.5000000e+02
   2.9596171e+02  -2.6710437e+01   4.5000000e+02
   2.9597652e+02  -2.7229992e+01   4.5000000e+02
   2.9598179e+02  -2.7749684e+01   4.5000000e+02
   2.9598300e+02  -2.8269408e+01   4.5000000e+02
   2.9598130e+02  -2.8789130e+01   4.5000000e+02
   2.9597735e+02  -2.9308842e+01   4.5000000e+02
   2.9595970e+02  -2.9828339e+01   4.5000000e+02
   2.9593748e+02  -3.0347707e+01   4.5000000e+02
   2.9591300e+02  -3.0867000e+01   4.5000000e+02
   2.8703900e+02  -2.5740000e+00   5.0000000e+02
   2.8713881e+02  -3.0782925e+00   5.0000000e+02
   2.8723910e+02  -3.5824997e+00   5.0000000e+02
   2.8733964e+02  -4.0866703e+00   5.0000000e+02
   2.8744133e+02  -4.5906250e+00   5.0000000e+02
   2.8754511e+02  -5.0941783e+00   5.0000000e+02
   2.8764888e+02  -5.5977483e+00   5.0000000e+02
   2.8775361e+02  -6.1011341e+00   5.0000000e+02
   2.8785731e+02  -6.6047582e+00   5.0000000e+02
   2.8795633e+02  -7.1093265e+00   5.0000000e+02
   2.8805580e+02  -7.6138242e+00   5.0000000e+02
   2.8815952e+02  -8.1175030e+00   5.0000000e+02
   2.8827549e+02  -8.6184427e+00   5.0000000e+02
   2.8840992e+02  -9.1150375e+00   5.0000000e+02
   2.8855547e+02  -9.6085664e+00   5.0000000e+02
   2.8871379e+02  -1.0098382e+01   5.0000000e+02
   2.8887754e+02  -1.0586539e+01   5.0000000e+02
   2.8904818e+02  -1.1072503e+01   5.0000000e+02
   2.8924402e+02  -1.1549217e+01   5.0000000e+02
   2.8945267e+02  -1.2020942e+01   5.0000000e+02
   2.8967111e+02  -1.2488567e+01   5.0000000e+02
   2.8991790e+02  -1.2942522e+01   5.0000000e+02
   2.9018774e+02  -1.3384305e+01   5.0000000e+02
   2.9051221e+02  -1.3788287e+01   5.0000000e+02
   2.9088413e+02  -1.4154220e+01   5.0000000e+02
   2.9131002e+02  -1.4459679e+01   5.0000000e+02
   2.9176334e+02  -1.4727073e+01   5.0000000e+02
   2.9223477e+02  -1.4964754e+01   5.0000000e+02
   2.9273483e+02  -1.5140991e+01   5.0000000e+02
   2.9321537e+02  -1.5358928e+01   5.0000000e+02
   2.9365784e+02  -1.5645282e+01   5.0000000e+02
   2.9404876e+02  -1.5995562e+01   5.0000000e+02
   2.9439911e+02  -1.6383349e+01   5.0000000e+02
   2.9471543e+02  -1.6798410e+01   5.0000000e+02
   2.9495394e+02  -1.7257359e+01   5.0000000e+02
   2.9515012e+02  -1.7736093e+01   5.0000000e+02
   2.9531991e+02  -1.8223863e+01   5.0000000e+02
   2.9545718e+02  -1.8721142e+01   5.0000000e+02
   2.9558209e+02  -1.9221413e+01   5.0000000e+02
   2.9566665e+02  -1.9729246e+01   5.0000000e+02
   2.9574318e+02  -2.0238239e+01   5.0000000e+02
   2.9581333e+02  -2.0748078e+01   5.0000000e+02
   2.9587303e+02  -2.1259063e+01   5.0000000e+02
   2.9592301e+02  -2.1771010e+01   5.0000000e+02
   2.9597113e+02  -2.2283125e+01   5.0000000e+02
   2.9601718e+02  -2.2795423e+01   5.0000000e+02
   2.9606125e+02  -2.3307876e+01   5.0000000e+02
   2.9610249e+02  -2.3820541e+01   5.0000000e+02
   2.9614190e+02  -2.4333337e+01   5.0000000e+02
   2.9617936e+02  -2.4846262e+01   5.0000000e+02
   2.9621557e+02  -2.5359270e+01   5.0000000e+02
   2.9624919e+02  -2.5872432e+01   5.0000000e+02
   2.9627076e+02  -2.6386079e+01   5.0000000e+02
   2.9628572e+02  -2.6899959e+01   5.0000000e+02
   2.9629861e+02  -2.7413888e+01   5.0000000e+02
   2.9630949e+02  -2.7927854e+01   5.0000000e+02
   2.9631764e+02  -2.8441858e+01   5.0000000e+02
   2.9632200e+02  -2.8955900e+01   5.0000000e+02
   2.9632500e+02  -2.9469948e+01   5.0000000e+02
   2.9632700e+02  -2.9984000e+01   5.0000000e+02
   2.8722500e+02  -2.2500000e+00   5.5000000e+02
   2.8733245e+02  -2.7521708e+00   5.5000000e+02
   2.8743874e+02  -3.2545943e+00   5.5000000e+02
   2.8754531e+02  -3.7569715e+00   5.5000000e+02
   2.8765109e+02  -4.2595304e+00   5.5000000e+02
   2.8775656e+02  -4.7621659e+00   5.5000000e+02
   2.8786040e+02  -5.2651526e+00   5.5000000e+02
   2.8795780e+02  -5.7694412e+00   5.5000000e+02
   2.8805409e+02  -6.2739526e+00   5.5000000e+02
   2.8815037e+02  -6.7784846e+00   5.5000000e+02
   2.8824817e+02  -7.2827502e+00   5.5000000e+02
   2.8834616e+02  -7.7870004e+00   5.5000000e+02
   2.8844608e+02  -8.2908925e+00   5.5000000e+02
   2.8854926e+02  -8.7941679e+00   5.5000000e+02
   2.8866192e+02  -9.2954500e+00   5.5000000e+02
   2.8878402e+02  -9.7946400e+00   5.5000000e+02
   2.8891359e+02  -1.0292057e+01   5.5000000e+02
   2.8906881e+02  -1.0782033e+01   5.5000000e+02
   2.8924692e+02  -1.1264869e+01   5.5000000e+02
   2.8943846e+02  -1.1742772e+01   5.5000000e+02
   2.8965269e+02  -1.2211566e+01   5.5000000e+02
   2.8988753e+02  -1.2670756e+01   5.5000000e+02
   2.9015541e+02  -1.3112883e+01   5.5000000e+02
   2.9045671e+02  -1.3533577e+01   5.5000000e+02
   2.9084415e+02  -1.3876951e+01   5.5000000e+02
   2.9130529e+02  -1.4128640e+01   5.5000000e+02
   2.9179411e+02  -1.4326537e+01   5.5000000e+02
   2.9228984e+02  -1.4508665e+01   5.5000000e+02
   2.9279351e+02  -1.4669895e+01   5.5000000e+02
   2.9328351e+02  -1.4863900e+01   5.5000000e+02
   2.9373412e+02  -1.5134288e+01   5.5000000e+02
   2.9411870e+02  -1.5489220e+01   5.5000000e+02
   2.9446885e+02  -1.5876014e+01   5.5000000e+02
   2.9478971e+02  -1.6286604e+01   5.5000000e+02
   2.9505351e+02  -1.6732012e+01   5.5000000e+02
   2.9527436e+02  -1.7200022e+01   5.5000000e+02
   2.9545754e+02  -1.7682217e+01   5.5000000e+02
   2.9560230e+02  -1.8176903e+01   5.5000000e+02
   2.9573337e+02  -1.8675125e+01   5.5000000e+02
   2.9582045e+02  -1.9181819e+01   5.5000000e+02
   2.9589442e+02  -1.9690564e+01   5.5000000e+02
   2.9596066e+02  -2.0200291e+01   5.5000000e+02
   2.9602182e+02  -2.0710594e+01   5.5000000e+02
   2.9607218e+02  -2.1221951e+01   5.5000000e+02
   2.9612106e+02  -2.1733449e+01   5.5000000e+02
   2.9616793e+02  -2.2245130e+01   5.5000000e+02
   2.9621372e+02  -2.2756904e+01   5.5000000e+02
   2.9626090e+02  -2.3268584e+01   5.5000000e+02
   2.9630798e+02  -2.3780285e+01   5.5000000e+02
   2.9635317e+02  -2.4292143e+01   5.5000000e+02
   2.9639824e+02  -2.4804024e+01   5.5000000e+02
   2.9643900e+02  -2.5316193e+01   5.5000000e+02
   2.9646798e+02  -2.5829050e+01   5.5000000e+02
   2.9649557e+02  -2.6341970e+01   5.5000000e+02
   2.9652091e+02  -2.6854987e+01   5.5000000e+02
   2.9654491e+02  -2.7368062e+01   5.5000000e+02
   2.9656806e+02  -2.7881175e+01   5.5000000e+02
   2.9658924e+02  -2.8394352e+01   5.5000000e+02
   2.9660720e+02  -2.8907623e+01   5.5000000e+02
   2.9662100e+02  -2.9421000e+01   5.5000000e+02
   2.8741600e+02  -2.0110000e+00   6.0000000e+02
   2.8751917e+02  -2.5088417e+00   6.0000000e+02
   2.8762228e+02  -3.0067055e+00   6.0000000e+02
   2.8772456e+02  -3.5047522e+00   6.0000000e+02
   2.8782569e+02  -4.0030403e+00   6.0000000e+02
   2.8792682e+02  -4.5013401e+00   6.0000000e+02
   2.8802726e+02  -4.9997902e+00   6.0000000e+02
   2.8812333e+02  -5.4991103e+00   6.0000000e+02
   2.8821993e+02  -5.9983429e+00   6.0000000e+02
   2.8831612e+02  -6.4976692e+00   6.0000000e+02
   2.8841253e+02  -6.9969749e+00   6.0000000e+02
   2.8850979e+02  -7.4961407e+00   6.0000000e+02
   2.8860828e+02  -7.9950888e+00   6.0000000e+02
   2.8870774e+02  -8.4938697e+00   6.0000000e+02
   2.8880943e+02  -8.9922394e+00   6.0000000e+02
   2.8891608e+02  -9.4896041e+00   6.0000000e+02
   2.8903345e+02  -9.9846641e+00   6.0000000e+02
   2.8915827e+02  -1.0478000e+01   6.0000000e+02
   2.8931867e+02  -1.0961122e+01   6.0000000e+02
   2.8949764e+02  -1.1438240e+01   6.0000000e+02
   2.8969425e+02  -1.1908631e+01   6.0000000e+02
   2.8991376e+02  -1.2369485e+01   6.0000000e+02
   2.9016265e+02  -1.2815347e+01   6.0000000e+02
   2.9048640e+02  -1.3213849e+01   6.0000000e+02
   2.9089141e+02  -1.3529209e+01   6.0000000e+02
   2.9135630e+02  -1.3759821e+01   6.0000000e+02
   2.9185041e+02  -1.3927953e+01   6.0000000e+02
   2.9235221e+02  -1.4073952e+01   6.0000000e+02
   2.9285600e+02  -1.4214654e+01   6.0000000e+02
   2.9333020e+02  -1.4425781e+01   6.0000000e+02
   2.9377018e+02  -1.4703310e+01   6.0000000e+02
   2.9418705e+02  -1.5012468e+01   6.0000000e+02
   2.9452547e+02  -1.5402002e+01   6.0000000e+02
   2.9484044e+02  -1.5809914e+01   6.0000000e+02
   2.9512701e+02  -1.6236601e+01   6.0000000e+02
   2.9535416e+02  -1.6695911e+01   6.0000000e+02
   2.9556044e+02  -1.7164408e+01   6.0000000e+02
   2.9571471e+02  -1.7649799e+01   6.0000000e+02
   2.9582428e+02  -1.8147383e+01   6.0000000e+02
   2.9592027e+02  -1.8647557e+01   6.0000000e+02
   2.9599529e+02  -1.9150901e+01   6.0000000e+02
   2.9605891e+02  -1.9655750e+01   6.0000000e+02
   2.9611726e+02  -2.0161184e+01   6.0000000e+02
   2.9616909e+02  -2.0667243e+01   6.0000000e+02
   2.9621376e+02  -2.1173929e+01   6.0000000e+02
   2.9625689e+02  -2.1680743e+01   6.0000000e+02
   2.9629970e+02  -2.2187591e+01   6.0000000e+02
   2.9634477e+02  -2.2694274e+01   6.0000000e+02
   2.9639547e+02  -2.3200528e+01   6.0000000e+02
   2.9644614e+02  -2.3706800e+01   6.0000000e+02
   2.9649752e+02  -2.4213031e+01   6.0000000e+02
   2.9654701e+02  -2.4719433e+01   6.0000000e+02
   2.9659065e+02  -2.5226290e+01   6.0000000e+02
   2.9663340e+02  -2.5733227e+01   6.0000000e+02
   2.9667424e+02  -2.6240304e+01   6.0000000e+02
   2.9671013e+02  -2.6747690e+01   6.0000000e+02
   2.9674434e+02  -2.7255183e+01   6.0000000e+02
   2.9677756e+02  -2.7762733e+01   6.0000000e+02
   2.9680978e+02  -2.8270339e+01   6.0000000e+02
   2.9684100e+02  -2.8778000e+01   6.0000000e+02
   2.8759000e+02  -1.6880000e+00   6.5000000e+02
   2.8768477e+02  -2.1974293e+00   6.5000000e+02
   2.8778097e+02  -2.7065964e+00   6.5000000e+02
   2.8787811e+02  -3.2155936e+00   6.5000000e+02
   2.8797602e+02  -3.7244558e+00   6.5000000e+02
   2.8807465e+02  -4.2331945e+00   6.5000000e+02
   2.8817409e+02  -4.7417830e+00   6.5000000e+02
   2.8827515e+02  -5.2500672e+00   6.5000000e+02
   2.8837648e+02  -5.7583142e+00   6.5000000e+02
   2.8847877e+02  -6.2663873e+00   6.5000000e+02
   2.8858493e+02  -6.7736994e+00   6.5000000e+02
   2.8869251e+02  -7.2807396e+00   6.5000000e+02
   2.8880185e+02  -7.7874310e+00   6.5000000e+02
   2.8891399e+02  -8.2935572e+00   6.5000000e+02
   2.8902930e+02  -8.7990107e+00   6.5000000e+02
   2.8914802e+02  -9.3037351e+00   6.5000000e+02
   2.8927220e+02  -9.8072173e+00   6.5000000e+02
   2.8941337e+02  -1.0306334e+01   6.5000000e+02
   2.8956695e+02  -1.0802000e+01   6.5000000e+02
   2.8973360e+02  -1.1293650e+01   6.5000000e+02
   2.8991877e+02  -1.1778978e+01   6.5000000e+02
   2.9013938e+02  -1.2248573e+01   6.5000000e+02
   2.9045526e+02  -1.2664759e+01   6.5000000e+02
   2.9081578e+02  -1.3042809e+01   6.5000000e+02
   2.9128908e+02  -1.3279167e+01   6.5000000e+02
   2.9178148e+02  -1.3476456e+01   6.5000000e+02
   2.9229259e+02  -1.3621022e+01   6.5000000e+02
   2.9280967e+02  -1.3747797e+01   6.5000000e+02
   2.9330609e+02  -1.3929292e+01   6.5000000e+02
   2.9376062e+02  -1.4201331e+01   6.5000000e+02
   2.9419542e+02  -1.4502876e+01   6.5000000e+02
   2.9456265e+02  -1.4876059e+01   6.5000000e+02
   2.9487932e+02  -1.5294273e+01   6.5000000e+02
   2.9517110e+02  -1.5729433e+01   6.5000000e+02
   2.9543964e+02  -1.6178617e+01   6.5000000e+02
   2.9559860e+02  -1.6672802e+01   6.5000000e+02
   2.9573043e+02  -1.7175341e+01   6.5000000e+02
   2.9584616e+02  -1.7681591e+01   6.5000000e+02
   2.9594950e+02  -1.8190336e+01   6.5000000e+02
   2.9604311e+02  -1.8700824e+01   6.5000000e+02
   2.9612039e+02  -1.9213699e+01   6.5000000e+02
   2.9618737e+02  -1.9727995e+01   6.5000000e+02
   2.9625035e+02  -2.0242765e+01   6.5000000e+02
   2.9631131e+02  -2.0757768e+01   6.5000000e+02
   2.9636944e+02  -2.1273085e+01   6.5000000e+02
   2.9642493e+02  -2.1788667e+01   6.5000000e+02
   2.9647829e+02  -2.2304463e+01   6.5000000e+02
   2.9652967e+02  -2.2820448e+01   6.5000000e+02
   2.9657987e+02  -2.3336547e+01   6.5000000e+02
   2.9662745e+02  -2.3852871e+01   6.5000000e+02
   2.9667495e+02  -2.4369216e+01   6.5000000e+02
   2.9672047e+02  -2.4885724e+01   6.5000000e+02
   2.9676499e+02  -2.5402313e+01   6.5000000e+02
   2.9681051e+02  -2.5918848e+01   6.5000000e+02
   2.9685496e+02  -2.6435470e+01   6.5000000e+02
   2.9690030e+02  -2.6952047e+01   6.5000000e+02
   2.9694415e+02  -2.7468737e+01   6.5000000e+02
   2.9698818e+02  -2.7985428e+01   6.5000000e+02
   2.9703135e+02  -2.8502190e+01   6.5000000e+02
   2.9707400e+02  -2.9019000e+01   6.5000000e+02
