   1.6256200e+02  -1.0071000e+01   0.0000000e+00
   1.6250978e+02  -9.9788602e+00   0.0000000e+00
   1.6245657e+02  -9.8872826e+00   0.0000000e+00
   1.6240281e+02  -9.7960268e+00   0.0000000e+00
   1.6234816e+02  -9.7052965e+00   0.0000000e+00
   1.6229277e+02  -9.6149989e+00   0.0000000e+00
   1.6223642e+02  -9.5253267e+00   0.0000000e+00
   1.6217597e+02  -9.4382708e+00   0.0000000e+00
   1.6211521e+02  -9.3514323e+00   0.0000000e+00
   1.6205303e+02  -9.2655925e+00   0.0000000e+00
   1.6199047e+02  -9.1800231e+00   0.0000000e+00
   1.6192648e+02  -9.0955076e+00   0.0000000e+00
   1.6185957e+02  -9.0133606e+00   0.0000000e+00
   1.6178807e+02  -8.9349654e+00   0.0000000e+00
   1.6171567e+02  -8.8573882e+00   0.0000000e+00
   1.6164239e+02  -8.7806350e+00   0.0000000e+00
   1.6156832e+02  -8.7046500e+00   0.0000000e+00
   1.6149109e+02  -8.6318413e+00   0.0000000e+00
   1.6141289e+02  -8.5600450e+00   0.0000000e+00
   1.6133420e+02  -8.4887885e+00   0.0000000e+00
   1.6125438e+02  -8.4187819e+00   0.0000000e+00
   1.6117355e+02  -8.3499545e+00   0.0000000e+00
   1.6108802e+02  -8.2869334e+00   0.0000000e+00
   1.6100173e+02  -8.2249501e+00   0.0000000e+00
   1.6091510e+02  -8.1634535e+00   0.0000000e+00
   1.6082825e+02  -8.1022865e+00   0.0000000e+00
   1.6074093e+02  -8.0417858e+00   0.0000000e+00
   1.6065293e+02  -7.9822856e+00   0.0000000e+00
   1.6056425e+02  -7.9237910e+00   0.0000000e+00
   1.6047544e+02  -7.8655220e+00   0.0000000e+00
   1.6038548e+02  -7.8090637e+00   0.0000000e+00
   1.6029158e+02  -7.7592774e+00   0.0000000e+00
   1.6019730e+02  -7.7102159e+00   0.0000000e+00
   1.6010247e+02  -7.6622344e+00   0.0000000e+00
   1.6000725e+02  -7.6150263e+00   0.0000000e+00
   1.5991177e+02  -7.5683748e+00   0.0000000e+00
   1.5981560e+02  -7.5231580e+00   0.0000000e+00
   1.5971954e+02  -7.4777115e+00   0.0000000e+00
   1.5962313e+02  -7.4330465e+00   0.0000000e+00
   1.5952599e+02  -7.3899716e+00   0.0000000e+00
   1.5942873e+02  -7.3471939e+00   0.0000000e+00
   1.5933087e+02  -7.3057928e+00   0.0000000e+00
   1.5923282e+02  -7.2648751e+00   0.0000000e+00
   1.5913441e+02  -7.2248356e+00   0.0000000e+00
   1.5903355e+02  -7.1914425e+00   0.0000000e+00
   1.5893202e+02  -7.1600457e+00   0.0000000e+00
   1.5883017e+02  -7.1296899e+00   0.0000000e+00
   1.5872821e+02  -7.0997121e+00   0.0000000e+00
   1.5862635e+02  -7.0694297e+00   0.0000000e+00
   1.5852450e+02  -7.0391491e+00   0.0000000e+00
   1.5842218e+02  -7.0104823e+00   0.0000000e+00
   1.5831876e+02  -6.9862592e+00   0.0000000e+00
   1.5821442e+02  -6.9660706e+00   0.0000000e+00
   1.5810958e+02  -6.9486647e+00   0.0000000e+00
   1.5800417e+02  -6.9355276e+00   0.0000000e+00
   1.5789819e+02  -6.9275015e+00   0.0000000e+00
   1.5779207e+02  -6.9215488e+00   0.0000000e+00
   1.5768588e+02  -6.9210195e+00   0.0000000e+00
   1.5757984e+02  -6.9282344e+00   0.0000000e+00
   1.5747400e+02  -6.9380000e+00   0.0000000e+00
   1.6208000e+02  -1.0430000e+01   5.0000000e+01
   1.6203067e+02  -1.0356501e+01   5.0000000e+01
   1.6198154e+02  -1.0282875e+01   5.0000000e+01
   1.6193213e+02  -1.0209445e+01   5.0000000e+01
   1.6188215e+02  -1.0136397e+01   5.0000000e+01
   1.6183179e+02  -1.0063606e+01   5.0000000e+01
   1.6178174e+02  -9.9906197e+00   5.0000000e+01
   1.6173146e+02  -9.9177867e+00   5.0000000e+01
   1.6168134e+02  -9.8448626e+00   5.0000000e+01
   1.6163081e+02  -9.7722198e+00   5.0000000e+01
   1.6157957e+02  -9.7000666e+00   5.0000000e+01
   1.6152771e+02  -9.6283501e+00   5.0000000e+01
   1.6147548e+02  -9.5569091e+00   5.0000000e+01
   1.6142353e+02  -9.4852711e+00   5.0000000e+01
   1.6137054e+02  -9.4143908e+00   5.0000000e+01
   1.6131745e+02  -9.3435946e+00   5.0000000e+01
   1.6126363e+02  -9.2733586e+00   5.0000000e+01
   1.6120669e+02  -9.2055532e+00   5.0000000e+01
   1.6114889e+02  -9.1384655e+00   5.0000000e+01
   1.6109093e+02  -9.0715299e+00   5.0000000e+01
   1.6103238e+02  -9.0050952e+00   5.0000000e+01
   1.6097329e+02  -8.9391457e+00   5.0000000e+01
   1.6091342e+02  -8.8738919e+00   5.0000000e+01
   1.6085268e+02  -8.8094420e+00   5.0000000e+01
   1.6078868e+02  -8.7483512e+00   5.0000000e+01
   1.6072060e+02  -8.6915358e+00   5.0000000e+01
   1.6065187e+02  -8.6354976e+00   5.0000000e+01
   1.6058228e+02  -8.5805276e+00   5.0000000e+01
   1.6051198e+02  -8.5264528e+00   5.0000000e+01
   1.6044126e+02  -8.4729425e+00   5.0000000e+01
   1.6037001e+02  -8.4201290e+00   5.0000000e+01
   1.6029807e+02  -8.3682438e+00   5.0000000e+01
   1.6022428e+02  -8.3191488e+00   5.0000000e+01
   1.6014711e+02  -8.2752824e+00   5.0000000e+01
   1.6006928e+02  -8.2325699e+00   5.0000000e+01
   1.5999109e+02  -8.1905394e+00   5.0000000e+01
   1.5991294e+02  -8.1484274e+00   5.0000000e+01
   1.5983409e+02  -8.1076619e+00   5.0000000e+01
   1.5975473e+02  -8.0678664e+00   5.0000000e+01
   1.5967552e+02  -8.0277994e+00   5.0000000e+01
   1.5959574e+02  -7.9888750e+00   5.0000000e+01
   1.5951577e+02  -7.9503660e+00   5.0000000e+01
   1.5943395e+02  -7.9158785e+00   5.0000000e+01
   1.5935174e+02  -7.8823334e+00   5.0000000e+01
   1.5926923e+02  -7.8495392e+00   5.0000000e+01
   1.5918672e+02  -7.8167473e+00   5.0000000e+01
   1.5910405e+02  -7.7843848e+00   5.0000000e+01
   1.5902105e+02  -7.7528659e+00   5.0000000e+01
   1.5893733e+02  -7.7233948e+00   5.0000000e+01
   1.5885262e+02  -7.6967550e+00   5.0000000e+01
   1.5876769e+02  -7.6708078e+00   5.0000000e+01
   1.5868251e+02  -7.6457186e+00   5.0000000e+01
   1.5859740e+02  -7.6204195e+00   5.0000000e+01
   1.5851214e+02  -7.5956390e+00   5.0000000e+01
   1.5842651e+02  -7.5721271e+00   5.0000000e+01
   1.5834089e+02  -7.5486205e+00   5.0000000e+01
   1.5825451e+02  -7.5280616e+00   5.0000000e+01
   1.5816808e+02  -7.5077242e+00   5.0000000e+01
   1.5808165e+02  -7.4873877e+00   5.0000000e+01
   1.5799500e+02  -7.4680000e+00   5.0000000e+01
   1.6147800e+02  -1.0052000e+01   1.0000000e+02
   1.6143907e+02  -9.9993312e+00   1.0000000e+02
   1.6139989e+02  -9.9468501e+00   1.0000000e+02
   1.6136074e+02  -9.8943496e+00   1.0000000e+02
   1.6132174e+02  -9.8417404e+00   1.0000000e+02
   1.6128196e+02  -9.7897139e+00   1.0000000e+02
   1.6124218e+02  -9.7376905e+00   1.0000000e+02
   1.6120239e+02  -9.6856697e+00   1.0000000e+02
   1.6116256e+02  -9.6336966e+00   1.0000000e+02
   1.6112240e+02  -9.5819628e+00   1.0000000e+02
   1.6108216e+02  -9.5303024e+00   1.0000000e+02
   1.6104170e+02  -9.4788125e+00   1.0000000e+02
   1.6100108e+02  -9.4274543e+00   1.0000000e+02
   1.6096045e+02  -9.3760990e+00   1.0000000e+02
   1.6091867e+02  -9.3256609e+00   1.0000000e+02
   1.6087652e+02  -9.2755273e+00   1.0000000e+02
   1.6083438e+02  -9.2253967e+00   1.0000000e+02
   1.6079245e+02  -9.1750886e+00   1.0000000e+02
   1.6074932e+02  -9.1257926e+00   1.0000000e+02
   1.6070619e+02  -9.0764995e+00   1.0000000e+02
   1.6066288e+02  -9.0273634e+00   1.0000000e+02
   1.6061915e+02  -8.9786036e+00   1.0000000e+02
   1.6057439e+02  -8.9307602e+00   1.0000000e+02
   1.6052963e+02  -8.8829200e+00   1.0000000e+02
   1.6048105e+02  -8.8391340e+00   1.0000000e+02
   1.6042960e+02  -8.7984069e+00   1.0000000e+02
   1.6037782e+02  -8.7580964e+00   1.0000000e+02
   1.6032542e+02  -8.7185909e+00   1.0000000e+02
   1.6027276e+02  -8.6794158e+00   1.0000000e+02
   1.6021984e+02  -8.6406098e+00   1.0000000e+02
   1.6016639e+02  -8.6025330e+00   1.0000000e+02
   1.6011232e+02  -8.5653119e+00   1.0000000e+02
   1.6005859e+02  -8.5276214e+00   1.0000000e+02
   1.6000397e+02  -8.4912153e+00   1.0000000e+02
   1.5994753e+02  -8.4577363e+00   1.0000000e+02
   1.5988990e+02  -8.4261957e+00   1.0000000e+02
   1.5983192e+02  -8.3953157e+00   1.0000000e+02
   1.5977365e+02  -8.3649823e+00   1.0000000e+02
   1.5971509e+02  -8.3351986e+00   1.0000000e+02
   1.5965640e+02  -8.3056983e+00   1.0000000e+02
   1.5959752e+02  -8.2765518e+00   1.0000000e+02
   1.5953845e+02  -8.2478128e+00   1.0000000e+02
   1.5947938e+02  -8.2190757e+00   1.0000000e+02
   1.5941877e+02  -8.1937212e+00   1.0000000e+02
   1.5935791e+02  -8.1689266e+00   1.0000000e+02
   1.5929700e+02  -8.1442602e+00   1.0000000e+02
   1.5923588e+02  -8.1201149e+00   1.0000000e+02
   1.5917468e+02  -8.0961928e+00   1.0000000e+02
   1.5911352e+02  -8.0721693e+00   1.0000000e+02
   1.5905234e+02  -8.0482140e+00   1.0000000e+02
   1.5899088e+02  -8.0249783e+00   1.0000000e+02
   1.5892908e+02  -8.0026445e+00   1.0000000e+02
   1.5886718e+02  -7.9805961e+00   1.0000000e+02
   1.5880528e+02  -7.9585622e+00   1.0000000e+02
   1.5874344e+02  -7.9363821e+00   1.0000000e+02
   1.5868151e+02  -7.9144338e+00   1.0000000e+02
   1.5861946e+02  -7.8928505e+00   1.0000000e+02
   1.5855733e+02  -7.8714919e+00   1.0000000e+02
   1.5849516e+02  -7.8502455e+00   1.0000000e+02
   1.5843300e+02  -7.8290000e+00   1.0000000e+02
   1.6105700e+02  -1.0053000e+01   1.5000000e+02
   1.6102209e+02  -1.0009039e+01   1.5000000e+02
   1.6098704e+02  -9.9651929e+00   1.5000000e+02
   1.6095181e+02  -9.9214844e+00   1.5000000e+02
   1.6091651e+02  -9.8778341e+00   1.5000000e+02
   1.6088124e+02  -9.8341685e+00   1.5000000e+02
   1.6084602e+02  -9.7904669e+00   1.5000000e+02
   1.6081073e+02  -9.7468178e+00   1.5000000e+02
   1.6077535e+02  -9.7032489e+00   1.5000000e+02
   1.6073974e+02  -9.6598668e+00   1.5000000e+02
   1.6070413e+02  -9.6164872e+00   1.5000000e+02
   1.6066854e+02  -9.5730988e+00   1.5000000e+02
   1.6063300e+02  -9.5296667e+00   1.5000000e+02
   1.6059721e+02  -9.4864465e+00   1.5000000e+02
   1.6056128e+02  -9.4433348e+00   1.5000000e+02
   1.6052535e+02  -9.4002259e+00   1.5000000e+02
   1.6048924e+02  -9.3572794e+00   1.5000000e+02
   1.6045296e+02  -9.3144678e+00   1.5000000e+02
   1.6041633e+02  -9.2719518e+00   1.5000000e+02
   1.6037931e+02  -9.2297700e+00   1.5000000e+02
   1.6034196e+02  -9.1878738e+00   1.5000000e+02
   1.6030394e+02  -9.1465764e+00   1.5000000e+02
   1.6026321e+02  -9.1080776e+00   1.5000000e+02
   1.6021977e+02  -9.0723831e+00   1.5000000e+02
   1.6017606e+02  -9.0370044e+00   1.5000000e+02
   1.6013193e+02  -9.0021649e+00   1.5000000e+02
   1.6008748e+02  -8.9677111e+00   1.5000000e+02
   1.6004283e+02  -8.9335239e+00   1.5000000e+02
   1.5999771e+02  -8.8999418e+00   1.5000000e+02
   1.5995235e+02  -8.8666864e+00   1.5000000e+02
   1.5990677e+02  -8.8337295e+00   1.5000000e+02
   1.5986067e+02  -8.8014993e+00   1.5000000e+02
   1.5981453e+02  -8.7693361e+00   1.5000000e+02
   1.5976820e+02  -8.7374568e+00   1.5000000e+02
   1.5971889e+02  -8.7102740e+00   1.5000000e+02
   1.5966939e+02  -8.6834475e+00   1.5000000e+02
   1.5961967e+02  -8.6570149e+00   1.5000000e+02
   1.5956972e+02  -8.6310203e+00   1.5000000e+02
   1.5951974e+02  -8.6050827e+00   1.5000000e+02
   1.5946977e+02  -8.5791467e+00   1.5000000e+02
   1.5941933e+02  -8.5541235e+00   1.5000000e+02
   1.5936875e+02  -8.5293750e+00   1.5000000e+02
   1.5931839e+02  -8.5041959e+00   1.5000000e+02
   1.5926789e+02  -8.4792985e+00   1.5000000e+02
   1.5921729e+02  -8.4546266e+00   1.5000000e+02
   1.5916619e+02  -8.4309635e+00   1.5000000e+02
   1.5911504e+02  -8.4074259e+00   1.5000000e+02
   1.5906383e+02  -8.3840312e+00   1.5000000e+02
   1.5901271e+02  -8.3604392e+00   1.5000000e+02
   1.5896152e+02  -8.3370071e+00   1.5000000e+02
   1.5891007e+02  -8.3141410e+00   1.5000000e+02
   1.5885886e+02  -8.2907499e+00   1.5000000e+02
   1.5880783e+02  -8.2670016e+00   1.5000000e+02
   1.5875722e+02  -8.2423976e+00   1.5000000e+02
   1.5870632e+02  -8.2183823e+00   1.5000000e+02
   1.5865541e+02  -8.1943951e+00   1.5000000e+02
   1.5860481e+02  -8.1697944e+00   1.5000000e+02
   1.5855420e+02  -8.1451953e+00   1.5000000e+02
   1.5850360e+02  -8.1205971e+00   1.5000000e+02
   1.5845300e+02  -8.0960000e+00   1.5000000e+02
   1.6081700e+02  -1.0034000e+01   2.0000000e+02
   1.6078635e+02  -9.9944395e+00   2.0000000e+02
   1.6075558e+02  -9.9549772e+00   2.0000000e+02
   1.6072432e+02  -9.9158953e+00   2.0000000e+02
   1.6069291e+02  -9.8769253e+00   2.0000000e+02
   1.6066131e+02  -9.8381136e+00   2.0000000e+02
   1.6062970e+02  -9.7993039e+00   2.0000000e+02
   1.6059810e+02  -9.7604954e+00   2.0000000e+02
   1.6056628e+02  -9.7218670e+00   2.0000000e+02
   1.6053441e+02  -9.6832819e+00   2.0000000e+02
   1.6050253e+02  -9.6446998e+00   2.0000000e+02
   1.6047059e+02  -9.6061804e+00   2.0000000e+02
   1.6043838e+02  -9.5678710e+00   2.0000000e+02
   1.6040592e+02  -9.5297776e+00   2.0000000e+02
   1.6037312e+02  -9.4919718e+00   2.0000000e+02
   1.6033941e+02  -9.4549695e+00   2.0000000e+02
   1.6030516e+02  -9.4184383e+00   2.0000000e+02
   1.6027092e+02  -9.3819097e+00   2.0000000e+02
   1.6023667e+02  -9.3453820e+00   2.0000000e+02
   1.6020243e+02  -9.3088569e+00   2.0000000e+02
   1.6016775e+02  -9.2727476e+00   2.0000000e+02
   1.6013233e+02  -9.2373336e+00   2.0000000e+02
   1.6009692e+02  -9.2019214e+00   2.0000000e+02
   1.6006151e+02  -9.1665104e+00   2.0000000e+02
   1.6002353e+02  -9.1338391e+00   2.0000000e+02
   1.5998497e+02  -9.1018033e+00   2.0000000e+02
   1.5994575e+02  -9.0705547e+00   2.0000000e+02
   1.5990654e+02  -9.0393078e+00   2.0000000e+02
   1.5986733e+02  -9.0080619e+00   2.0000000e+02
   1.5982761e+02  -8.9774660e+00   2.0000000e+02
   1.5978692e+02  -8.9482216e+00   2.0000000e+02
   1.5974432e+02  -8.9216676e+00   2.0000000e+02
   1.5970159e+02  -8.8953237e+00   2.0000000e+02
   1.5965875e+02  -8.8691713e+00   2.0000000e+02
   1.5961562e+02  -8.8434919e+00   2.0000000e+02
   1.5957238e+02  -8.8179912e+00   2.0000000e+02
   1.5952891e+02  -8.7928726e+00   2.0000000e+02
   1.5948541e+02  -8.7678173e+00   2.0000000e+02
   1.5944179e+02  -8.7429713e+00   2.0000000e+02
   1.5939805e+02  -8.7183542e+00   2.0000000e+02
   1.5935402e+02  -8.6942302e+00   2.0000000e+02
   1.5931000e+02  -8.6701075e+00   2.0000000e+02
   1.5926597e+02  -8.6459857e+00   2.0000000e+02
   1.5922181e+02  -8.6221162e+00   2.0000000e+02
   1.5917770e+02  -8.5981659e+00   2.0000000e+02
   1.5913369e+02  -8.5740478e+00   2.0000000e+02
   1.5908958e+02  -8.5500979e+00   2.0000000e+02
   1.5904543e+02  -8.5262323e+00   2.0000000e+02
   1.5900142e+02  -8.5021204e+00   2.0000000e+02
   1.5895757e+02  -8.4777281e+00   2.0000000e+02
   1.5891405e+02  -8.4527749e+00   2.0000000e+02
   1.5887037e+02  -8.4280895e+00   2.0000000e+02
   1.5882660e+02  -8.4035765e+00   2.0000000e+02
   1.5878306e+02  -8.3786733e+00   2.0000000e+02
   1.5873954e+02  -8.3537246e+00   2.0000000e+02
   1.5869603e+02  -8.3287775e+00   2.0000000e+02
   1.5865252e+02  -8.3038314e+00   2.0000000e+02
   1.5860901e+02  -8.2788864e+00   2.0000000e+02
   1.5856551e+02  -8.2539429e+00   2.0000000e+02
   1.5852200e+02  -8.2290000e+00   2.0000000e+02
   1.6064200e+02  -1.0016000e+01   2.5000000e+02
   1.6061322e+02  -9.9786484e+00   2.5000000e+02
   1.6058419e+02  -9.9414891e+00   2.5000000e+02
   1.6055473e+02  -9.9046616e+00   2.5000000e+02
   1.6052555e+02  -9.8676190e+00   2.5000000e+02
   1.6049638e+02  -9.8305713e+00   2.5000000e+02
   1.6046655e+02  -9.7940425e+00   2.5000000e+02
   1.6043690e+02  -9.7573745e+00   2.5000000e+02
   1.6040744e+02  -9.7205548e+00   2.5000000e+02
   1.6037693e+02  -9.6845880e+00   2.5000000e+02
   1.6034621e+02  -9.6487947e+00   2.5000000e+02
   1.6031523e+02  -9.6132224e+00   2.5000000e+02
   1.6028413e+02  -9.5777479e+00   2.5000000e+02
   1.6025283e+02  -9.5424573e+00   2.5000000e+02
   1.6022135e+02  -9.5073160e+00   2.5000000e+02
   1.6018976e+02  -9.4722783e+00   2.5000000e+02
   1.6015790e+02  -9.4374812e+00   2.5000000e+02
   1.6012586e+02  -9.4028565e+00   2.5000000e+02
   1.6009248e+02  -9.3694794e+00   2.5000000e+02
   1.6005893e+02  -9.3362758e+00   2.5000000e+02
   1.6002523e+02  -9.3032224e+00   2.5000000e+02
   1.5999121e+02  -9.2704874e+00   2.5000000e+02
   1.5995706e+02  -9.2379010e+00   2.5000000e+02
   1.5992271e+02  -9.2055044e+00   2.5000000e+02
   1.5988810e+02  -9.1733933e+00   2.5000000e+02
   1.5985282e+02  -9.1420360e+00   2.5000000e+02
   1.5981626e+02  -9.1121185e+00   2.5000000e+02
   1.5977932e+02  -9.0826594e+00   2.5000000e+02
   1.5974205e+02  -9.0536099e+00   2.5000000e+02
   1.5970493e+02  -9.0243758e+00   2.5000000e+02
   1.5966787e+02  -8.9950641e+00   2.5000000e+02
   1.5962997e+02  -8.9668452e+00   2.5000000e+02
   1.5959180e+02  -8.9389806e+00   2.5000000e+02
   1.5955181e+02  -8.9137250e+00   2.5000000e+02
   1.5951180e+02  -8.8885117e+00   2.5000000e+02
   1.5947167e+02  -8.8634926e+00   2.5000000e+02
   1.5943143e+02  -8.8386321e+00   2.5000000e+02
   1.5939092e+02  -8.8142213e+00   2.5000000e+02
   1.5935038e+02  -8.7898625e+00   2.5000000e+02
   1.5930978e+02  -8.7656069e+00   2.5000000e+02
   1.5926925e+02  -8.7412334e+00   2.5000000e+02
   1.5922882e+02  -8.7167092e+00   2.5000000e+02
   1.5918822e+02  -8.6924557e+00   2.5000000e+02
   1.5914769e+02  -8.6681065e+00   2.5000000e+02
   1.5910726e+02  -8.6435858e+00   2.5000000e+02
   1.5906684e+02  -8.6190667e+00   2.5000000e+02
   1.5902673e+02  -8.5940624e+00   2.5000000e+02
   1.5898712e+02  -8.5682846e+00   2.5000000e+02
   1.5894728e+02  -8.5428610e+00   2.5000000e+02
   1.5890745e+02  -8.5174333e+00   2.5000000e+02
   1.5886784e+02  -8.4916593e+00   2.5000000e+02
   1.5882824e+02  -8.4658866e+00   2.5000000e+02
   1.5878863e+02  -8.4401222e+00   2.5000000e+02
   1.5874889e+02  -8.4145727e+00   2.5000000e+02
   1.5870927e+02  -8.3888451e+00   2.5000000e+02
   1.5866996e+02  -8.3626433e+00   2.5000000e+02
   1.5863044e+02  -8.3367812e+00   2.5000000e+02
   1.5859070e+02  -8.3112359e+00   2.5000000e+02
   1.5855130e+02  -8.2851976e+00   2.5000000e+02
   1.5851200e+02  -8.2590000e+00   2.5000000e+02
   1.6051900e+02  -1.0016000e+01   3.0000000e+02
   1.6049193e+02  -9.9799045e+00   3.0000000e+02
   1.6046453e+02  -9.9440521e+00   3.0000000e+02
   1.6043674e+02  -9.9084985e+00   3.0000000e+02
   1.6040894e+02  -9.8729469e+00   3.0000000e+02
   1.6038100e+02  -9.8375053e+00   3.0000000e+02
   1.6035281e+02  -9.8022636e+00   3.0000000e+02
   1.6032333e+02  -9.7680702e+00   3.0000000e+02
   1.6029352e+02  -9.7341490e+00   3.0000000e+02
   1.6026372e+02  -9.7002302e+00   3.0000000e+02
   1.6023391e+02  -9.6663119e+00   3.0000000e+02
   1.6020387e+02  -9.6325975e+00   3.0000000e+02
   1.6017381e+02  -9.5989052e+00   3.0000000e+02
   1.6014347e+02  -9.5654616e+00   3.0000000e+02
   1.6011310e+02  -9.5320344e+00   3.0000000e+02
   1.6008240e+02  -9.4989200e+00   3.0000000e+02
   1.6005168e+02  -9.4658142e+00   3.0000000e+02
   1.6002096e+02  -9.4327234e+00   3.0000000e+02
   1.5998982e+02  -9.4000095e+00   3.0000000e+02
   1.5995850e+02  -9.3674719e+00   3.0000000e+02
   1.5992748e+02  -9.3346594e+00   3.0000000e+02
   1.5989593e+02  -9.3023517e+00   3.0000000e+02
   1.5986338e+02  -9.2710241e+00   3.0000000e+02
   1.5983082e+02  -9.2396982e+00   3.0000000e+02
   1.5979824e+02  -9.2083999e+00   3.0000000e+02
   1.5976538e+02  -9.1773964e+00   3.0000000e+02
   1.5973238e+02  -9.1465373e+00   3.0000000e+02
   1.5969923e+02  -9.1158402e+00   3.0000000e+02
   1.5966459e+02  -9.0868070e+00   3.0000000e+02
   1.5962965e+02  -9.0581078e+00   3.0000000e+02
   1.5959446e+02  -9.0297250e+00   3.0000000e+02
   1.5955911e+02  -9.0015315e+00   3.0000000e+02
   1.5952342e+02  -8.9737695e+00   3.0000000e+02
   1.5948710e+02  -8.9468287e+00   3.0000000e+02
   1.5945025e+02  -8.9205875e+00   3.0000000e+02
   1.5941306e+02  -8.8948206e+00   3.0000000e+02
   1.5937577e+02  -8.8692126e+00   3.0000000e+02
   1.5933822e+02  -8.8439682e+00   3.0000000e+02
   1.5930071e+02  -8.8186781e+00   3.0000000e+02
   1.5926341e+02  -8.7930745e+00   3.0000000e+02
   1.5922613e+02  -8.7674533e+00   3.0000000e+02
   1.5918888e+02  -8.7418025e+00   3.0000000e+02
   1.5915163e+02  -8.7161532e+00   3.0000000e+02
   1.5911438e+02  -8.6905045e+00   3.0000000e+02
   1.5907713e+02  -8.6648576e+00   3.0000000e+02
   1.5904011e+02  -8.6388936e+00   3.0000000e+02
   1.5900336e+02  -8.6125568e+00   3.0000000e+02
   1.5896620e+02  -8.5867938e+00   3.0000000e+02
   1.5892911e+02  -8.5609366e+00   3.0000000e+02
   1.5889270e+02  -8.5341611e+00   3.0000000e+02
   1.5885620e+02  -8.5074984e+00   3.0000000e+02
   1.5881953e+02  -8.4810737e+00   3.0000000e+02
   1.5878298e+02  -8.4544871e+00   3.0000000e+02
   1.5874657e+02  -8.4277160e+00   3.0000000e+02
   1.5871017e+02  -8.4009462e+00   3.0000000e+02
   1.5867376e+02  -8.3741774e+00   3.0000000e+02
   1.5863755e+02  -8.3471604e+00   3.0000000e+02
   1.5860140e+02  -8.3200526e+00   3.0000000e+02
   1.5856521e+02  -8.2930197e+00   3.0000000e+02
   1.5852900e+02  -8.2660000e+00   3.0000000e+02
   1.6040700e+02  -1.0025000e+01   3.5000000e+02
   1.6038011e+02  -9.9905084e+00   3.5000000e+02
   1.6035313e+02  -9.9560813e+00   3.5000000e+02
   1.6032595e+02  -9.9218123e+00   3.5000000e+02
   1.6029856e+02  -9.8877131e+00   3.5000000e+02
   1.6027102e+02  -9.8537284e+00   3.5000000e+02
   1.6024224e+02  -9.8207688e+00   3.5000000e+02
   1.6021327e+02  -9.7879612e+00   3.5000000e+02
   1.6018402e+02  -9.7554012e+00   3.5000000e+02
   1.6015477e+02  -9.7228419e+00   3.5000000e+02
   1.6012553e+02  -9.6902845e+00   3.5000000e+02
   1.6009628e+02  -9.6577283e+00   3.5000000e+02
   1.6006704e+02  -9.6251733e+00   3.5000000e+02
   1.6003822e+02  -9.5922553e+00   3.5000000e+02
   1.6000963e+02  -9.5591474e+00   3.5000000e+02
   1.5998101e+02  -9.5260631e+00   3.5000000e+02
   1.5995238e+02  -9.4929907e+00   3.5000000e+02
   1.5992378e+02  -9.4598992e+00   3.5000000e+02
   1.5989519e+02  -9.4267967e+00   3.5000000e+02
   1.5986642e+02  -9.3938529e+00   3.5000000e+02
   1.5983754e+02  -9.3609968e+00   3.5000000e+02
   1.5980833e+02  -9.3284354e+00   3.5000000e+02
   1.5977893e+02  -9.2960435e+00   3.5000000e+02
   1.5974840e+02  -9.2647140e+00   3.5000000e+02
   1.5971719e+02  -9.2340132e+00   3.5000000e+02
   1.5968567e+02  -9.2036379e+00   3.5000000e+02
   1.5965397e+02  -9.1734447e+00   3.5000000e+02
   1.5962227e+02  -9.1432532e+00   3.5000000e+02
   1.5959057e+02  -9.1130627e+00   3.5000000e+02
   1.5955795e+02  -9.0838601e+00   3.5000000e+02
   1.5952485e+02  -9.0551745e+00   3.5000000e+02
   1.5949146e+02  -9.0268251e+00   3.5000000e+02
   1.5945792e+02  -8.9986519e+00   3.5000000e+02
   1.5942422e+02  -8.9706719e+00   3.5000000e+02
   1.5939057e+02  -8.9426376e+00   3.5000000e+02
   1.5935670e+02  -8.9148600e+00   3.5000000e+02
   1.5932233e+02  -8.8876954e+00   3.5000000e+02
   1.5928782e+02  -8.8607015e+00   3.5000000e+02
   1.5925318e+02  -8.8338812e+00   3.5000000e+02
   1.5921873e+02  -8.8068209e+00   3.5000000e+02
   1.5918437e+02  -8.7796607e+00   3.5000000e+02
   1.5914976e+02  -8.7528110e+00   3.5000000e+02
   1.5911512e+02  -8.7259953e+00   3.5000000e+02
   1.5908048e+02  -8.6991815e+00   3.5000000e+02
   1.5904588e+02  -8.6723308e+00   3.5000000e+02
   1.5901134e+02  -8.6454022e+00   3.5000000e+02
   1.5897698e+02  -8.6182561e+00   3.5000000e+02
   1.5894273e+02  -8.5909730e+00   3.5000000e+02
   1.5890803e+02  -8.5642584e+00   3.5000000e+02
   1.5887336e+02  -8.5375089e+00   3.5000000e+02
   1.5883912e+02  -8.5102299e+00   3.5000000e+02
   1.5880475e+02  -8.4831093e+00   3.5000000e+02
   1.5877022e+02  -8.4561888e+00   3.5000000e+02
   1.5873586e+02  -8.4290620e+00   3.5000000e+02
   1.5870155e+02  -8.4018754e+00   3.5000000e+02
   1.5866696e+02  -8.3750400e+00   3.5000000e+02
   1.5863257e+02  -8.3479672e+00   3.5000000e+02
   1.5859851e+02  -8.3204816e+00   3.5000000e+02
   1.5856429e+02  -8.2931961e+00   3.5000000e+02
   1.5853000e+02  -8.2660000e+00   3.5000000e+02
   1.6025900e+02  -1.0019000e+01   4.0000000e+02
   1.6023202e+02  -9.9871599e+00   4.0000000e+02
   1.6020507e+02  -9.9552880e+00   4.0000000e+02
   1.6017836e+02  -9.9232319e+00   4.0000000e+02
   1.6015157e+02  -9.8912366e+00   4.0000000e+02
   1.6012459e+02  -9.8594012e+00   4.0000000e+02
   1.6009773e+02  -9.8274746e+00   4.0000000e+02
   1.6007102e+02  -9.7954232e+00   4.0000000e+02
   1.6004467e+02  -9.7630879e+00   4.0000000e+02
   1.6001862e+02  -9.7305205e+00   4.0000000e+02
   1.5999256e+02  -9.6979546e+00   4.0000000e+02
   1.5996651e+02  -9.6653894e+00   4.0000000e+02
   1.5994017e+02  -9.6330508e+00   4.0000000e+02
   1.5991380e+02  -9.6007455e+00   4.0000000e+02
   1.5988775e+02  -9.5681847e+00   4.0000000e+02
   1.5986164e+02  -9.5356672e+00   4.0000000e+02
   1.5983527e+02  -9.5033685e+00   4.0000000e+02
   1.5980839e+02  -9.4714869e+00   4.0000000e+02
   1.5978040e+02  -9.4405452e+00   4.0000000e+02
   1.5975234e+02  -9.4096641e+00   4.0000000e+02
   1.5972410e+02  -9.3789455e+00   4.0000000e+02
   1.5969579e+02  -9.3482890e+00   4.0000000e+02
   1.5966728e+02  -9.3178155e+00   4.0000000e+02
   1.5963877e+02  -9.2873425e+00   4.0000000e+02
   1.5961027e+02  -9.2568714e+00   4.0000000e+02
   1.5958172e+02  -9.2264429e+00   4.0000000e+02
   1.5955296e+02  -9.1962035e+00   4.0000000e+02
   1.5952417e+02  -9.1660050e+00   4.0000000e+02
   1.5949516e+02  -9.1360113e+00   4.0000000e+02
   1.5946602e+02  -9.1061469e+00   4.0000000e+02
   1.5943601e+02  -9.0771268e+00   4.0000000e+02
   1.5940601e+02  -9.0481069e+00   4.0000000e+02
   1.5937601e+02  -9.0190892e+00   4.0000000e+02
   1.5934601e+02  -8.9900716e+00   4.0000000e+02
   1.5931601e+02  -8.9610563e+00   4.0000000e+02
   1.5928600e+02  -8.9320491e+00   4.0000000e+02
   1.5925577e+02  -8.9032780e+00   4.0000000e+02
   1.5922553e+02  -8.8745069e+00   4.0000000e+02
   1.5919525e+02  -8.8457896e+00   4.0000000e+02
   1.5916495e+02  -8.8170919e+00   4.0000000e+02
   1.5913441e+02  -8.7886532e+00   4.0000000e+02
   1.5910382e+02  -8.7602583e+00   4.0000000e+02
   1.5907303e+02  -8.7320803e+00   4.0000000e+02
   1.5904231e+02  -8.7038376e+00   4.0000000e+02
   1.5901177e+02  -8.6754033e+00   4.0000000e+02
   1.5898114e+02  -8.6470609e+00   4.0000000e+02
   1.5895036e+02  -8.6188872e+00   4.0000000e+02
   1.5891925e+02  -8.5910713e+00   4.0000000e+02
   1.5888773e+02  -8.5637181e+00   4.0000000e+02
   1.5885608e+02  -8.5365030e+00   4.0000000e+02
   1.5882413e+02  -8.5096443e+00   4.0000000e+02
   1.5879218e+02  -8.4827858e+00   4.0000000e+02
   1.5876023e+02  -8.4559294e+00   4.0000000e+02
   1.5872828e+02  -8.4290731e+00   4.0000000e+02
   1.5869547e+02  -8.4032583e+00   4.0000000e+02
   1.5866262e+02  -8.3774870e+00   4.0000000e+02
   1.5862959e+02  -8.3519549e+00   4.0000000e+02
   1.5859655e+02  -8.3264274e+00   4.0000000e+02
   1.5856328e+02  -8.3012110e+00   4.0000000e+02
   1.5853000e+02  -8.2760000e+00   4.0000000e+02
   1.6010800e+02  -1.0034000e+01   4.5000000e+02
   1.6008309e+02  -1.0002172e+01   4.5000000e+02
   1.6005818e+02  -9.9703439e+00   4.5000000e+02
   1.6003304e+02  -9.9387006e+00   4.5000000e+02
   1.6000784e+02  -9.9070945e+00   4.5000000e+02
   1.5998284e+02  -9.8753476e+00   4.5000000e+02
   1.5995793e+02  -9.8435245e+00   4.5000000e+02
   1.5993292e+02  -9.8117865e+00   4.5000000e+02
   1.5990779e+02  -9.7801403e+00   4.5000000e+02
   1.5988264e+02  -9.7485099e+00   4.5000000e+02
   1.5985745e+02  -9.7169113e+00   4.5000000e+02
   1.5983226e+02  -9.6853196e+00   4.5000000e+02
   1.5980701e+02  -9.6537671e+00   4.5000000e+02
   1.5978177e+02  -9.6222153e+00   4.5000000e+02
   1.5975653e+02  -9.5906650e+00   4.5000000e+02
   1.5973129e+02  -9.5591155e+00   4.5000000e+02
   1.5970605e+02  -9.5275673e+00   4.5000000e+02
   1.5968056e+02  -9.4962240e+00   4.5000000e+02
   1.5965474e+02  -9.4651382e+00   4.5000000e+02
   1.5962924e+02  -9.4338026e+00   4.5000000e+02
   1.5960401e+02  -9.4022586e+00   4.5000000e+02
   1.5957814e+02  -9.3712237e+00   4.5000000e+02
   1.5955193e+02  -9.3404712e+00   4.5000000e+02
   1.5952574e+02  -9.3096960e+00   4.5000000e+02
   1.5949957e+02  -9.2789090e+00   4.5000000e+02
   1.5947319e+02  -9.2483003e+00   4.5000000e+02
   1.5944673e+02  -9.2177642e+00   4.5000000e+02
   1.5942024e+02  -9.1872540e+00   4.5000000e+02
   1.5939374e+02  -9.1567527e+00   4.5000000e+02
   1.5936726e+02  -9.1262287e+00   4.5000000e+02
   1.5934080e+02  -9.0956971e+00   4.5000000e+02
   1.5931434e+02  -9.0651671e+00   4.5000000e+02
   1.5928789e+02  -9.0346376e+00   4.5000000e+02
   1.5926134e+02  -9.0041869e+00   4.5000000e+02
   1.5923477e+02  -8.9737540e+00   4.5000000e+02
   1.5920820e+02  -8.9433229e+00   4.5000000e+02
   1.5918164e+02  -8.9128923e+00   4.5000000e+02
   1.5915491e+02  -8.8826042e+00   4.5000000e+02
   1.5912810e+02  -8.8523847e+00   4.5000000e+02
   1.5910144e+02  -8.8220364e+00   4.5000000e+02
   1.5907488e+02  -8.7916103e+00   4.5000000e+02
   1.5904807e+02  -8.7614060e+00   4.5000000e+02
   1.5902104e+02  -8.7313813e+00   4.5000000e+02
   1.5899375e+02  -8.7015976e+00   4.5000000e+02
   1.5896643e+02  -8.6718449e+00   4.5000000e+02
   1.5893911e+02  -8.6420935e+00   4.5000000e+02
   1.5891075e+02  -8.6133321e+00   4.5000000e+02
   1.5888168e+02  -8.5852487e+00   4.5000000e+02
   1.5885234e+02  -8.5574483e+00   4.5000000e+02
   1.5882279e+02  -8.5298666e+00   4.5000000e+02
   1.5879310e+02  -8.5024269e+00   4.5000000e+02
   1.5876330e+02  -8.4751112e+00   4.5000000e+02
   1.5873294e+02  -8.4484291e+00   4.5000000e+02
   1.5870205e+02  -8.4223317e+00   4.5000000e+02
   1.5867101e+02  -8.3964016e+00   4.5000000e+02
   1.5863990e+02  -8.3705647e+00   4.5000000e+02
   1.5860860e+02  -8.3449628e+00   4.5000000e+02
   1.5857723e+02  -8.3194410e+00   4.5000000e+02
   1.5854563e+02  -8.2941987e+00   4.5000000e+02
   1.5851400e+02  -8.2690000e+00   4.5000000e+02
   1.5998200e+02  -1.0084000e+01   5.0000000e+02
   1.5995817e+02  -1.0053355e+01   5.0000000e+02
   1.5993433e+02  -1.0022711e+01   5.0000000e+02
   1.5991027e+02  -9.9922404e+00   5.0000000e+02
   1.5988620e+02  -9.9617804e+00   5.0000000e+02
   1.5986234e+02  -9.9311566e+00   5.0000000e+02
   1.5983851e+02  -9.9005162e+00   5.0000000e+02
   1.5981474e+02  -9.8698332e+00   5.0000000e+02
   1.5979098e+02  -9.8391427e+00   5.0000000e+02
   1.5976716e+02  -9.8084976e+00   5.0000000e+02
   1.5974334e+02  -9.7778615e+00   5.0000000e+02
   1.5971951e+02  -9.7472272e+00   5.0000000e+02
   1.5969568e+02  -9.7165933e+00   5.0000000e+02
   1.5967191e+02  -9.6859233e+00   5.0000000e+02
   1.5964815e+02  -9.6552392e+00   5.0000000e+02
   1.5962435e+02  -9.6245932e+00   5.0000000e+02
   1.5960053e+02  -9.5939635e+00   5.0000000e+02
   1.5957681e+02  -9.5632551e+00   5.0000000e+02
   1.5955316e+02  -9.5325028e+00   5.0000000e+02
   1.5952966e+02  -9.5016329e+00   5.0000000e+02
   1.5950631e+02  -9.4706578e+00   5.0000000e+02
   1.5948273e+02  -9.4398558e+00   5.0000000e+02
   1.5945885e+02  -9.4092832e+00   5.0000000e+02
   1.5943504e+02  -9.3786523e+00   5.0000000e+02
   1.5941139e+02  -9.3479063e+00   5.0000000e+02
   1.5938781e+02  -9.3171108e+00   5.0000000e+02
   1.5936446e+02  -9.2861420e+00   5.0000000e+02
   1.5934108e+02  -9.2552012e+00   5.0000000e+02
   1.5931743e+02  -9.2244594e+00   5.0000000e+02
   1.5929379e+02  -9.1937151e+00   5.0000000e+02
   1.5927052e+02  -9.1626940e+00   5.0000000e+02
   1.5924725e+02  -9.1316729e+00   5.0000000e+02
   1.5922421e+02  -9.1004937e+00   5.0000000e+02
   1.5920118e+02  -9.0693054e+00   5.0000000e+02
   1.5917795e+02  -9.0382647e+00   5.0000000e+02
   1.5915469e+02  -9.0072475e+00   5.0000000e+02
   1.5913118e+02  -8.9764146e+00   5.0000000e+02
   1.5910761e+02  -8.9456282e+00   5.0000000e+02
   1.5908409e+02  -8.9148040e+00   5.0000000e+02
   1.5906059e+02  -8.8839651e+00   5.0000000e+02
   1.5903684e+02  -8.8533190e+00   5.0000000e+02
   1.5901297e+02  -8.8227649e+00   5.0000000e+02
   1.5898914e+02  -8.7921824e+00   5.0000000e+02
   1.5896534e+02  -8.7615796e+00   5.0000000e+02
   1.5894138e+02  -8.7310990e+00   5.0000000e+02
   1.5891728e+02  -8.7007298e+00   5.0000000e+02
   1.5889198e+02  -8.6713785e+00   5.0000000e+02
   1.5886522e+02  -8.6432758e+00   5.0000000e+02
   1.5883845e+02  -8.6151736e+00   5.0000000e+02
   1.5881169e+02  -8.5870731e+00   5.0000000e+02
   1.5878493e+02  -8.5589726e+00   5.0000000e+02
   1.5875817e+02  -8.5308743e+00   5.0000000e+02
   1.5873141e+02  -8.5027760e+00   5.0000000e+02
   1.5870399e+02  -8.4753121e+00   5.0000000e+02
   1.5867632e+02  -8.4480910e+00   5.0000000e+02
   1.5864866e+02  -8.4208710e+00   5.0000000e+02
   1.5862099e+02  -8.3936520e+00   5.0000000e+02
   1.5859333e+02  -8.3664336e+00   5.0000000e+02
   1.5856566e+02  -8.3392168e+00   5.0000000e+02
   1.5853800e+02  -8.3120000e+00   5.0000000e+02
   1.5988800e+02  -1.0166000e+01   5.5000000e+02
   1.5986397e+02  -1.0136529e+01   5.5000000e+02
   1.5983994e+02  -1.0107058e+01   5.5000000e+02
   1.5981591e+02  -1.0077589e+01   5.5000000e+02
   1.5979188e+02  -1.0048120e+01   5.5000000e+02
   1.5976786e+02  -1.0018653e+01   5.5000000e+02
   1.5974383e+02  -9.9891867e+00   5.5000000e+02
   1.5971991e+02  -9.9596377e+00   5.5000000e+02
   1.5969616e+02  -9.9299553e+00   5.5000000e+02
   1.5967236e+02  -9.9003155e+00   5.5000000e+02
   1.5964834e+02  -9.8708538e+00   5.5000000e+02
   1.5962432e+02  -9.8413921e+00   5.5000000e+02
   1.5960079e+02  -9.8115469e+00   5.5000000e+02
   1.5957728e+02  -9.7816965e+00   5.5000000e+02
   1.5955359e+02  -9.7519817e+00   5.5000000e+02
   1.5952984e+02  -9.7223061e+00   5.5000000e+02
   1.5950624e+02  -9.6925308e+00   5.5000000e+02
   1.5948272e+02  -9.6626848e+00   5.5000000e+02
   1.5945948e+02  -9.6326372e+00   5.5000000e+02
   1.5943669e+02  -9.6022519e+00   5.5000000e+02
   1.5941400e+02  -9.5717971e+00   5.5000000e+02
   1.5939145e+02  -9.5412376e+00   5.5000000e+02
   1.5936868e+02  -9.5108461e+00   5.5000000e+02
   1.5934557e+02  -9.4807032e+00   5.5000000e+02
   1.5932260e+02  -9.4504627e+00   5.5000000e+02
   1.5929981e+02  -9.4200832e+00   5.5000000e+02
   1.5927713e+02  -9.3896273e+00   5.5000000e+02
   1.5925460e+02  -9.3590733e+00   5.5000000e+02
   1.5923195e+02  -9.3285980e+00   5.5000000e+02
   1.5920917e+02  -9.2982222e+00   5.5000000e+02
   1.5918599e+02  -9.2681413e+00   5.5000000e+02
   1.5916238e+02  -9.2383983e+00   5.5000000e+02
   1.5913876e+02  -9.2086557e+00   5.5000000e+02
   1.5911514e+02  -9.1789149e+00   5.5000000e+02
   1.5909152e+02  -9.1491741e+00   5.5000000e+02
   1.5906790e+02  -9.1194353e+00   5.5000000e+02
   1.5904429e+02  -9.0896967e+00   5.5000000e+02
   1.5902080e+02  -9.0598597e+00   5.5000000e+02
   1.5899740e+02  -9.0299589e+00   5.5000000e+02
   1.5897408e+02  -8.9999968e+00   5.5000000e+02
   1.5895096e+02  -8.9698909e+00   5.5000000e+02
   1.5892786e+02  -8.9397696e+00   5.5000000e+02
   1.5890793e+02  -8.9075107e+00   5.5000000e+02
   1.5888801e+02  -8.8752518e+00   5.5000000e+02
   1.5886840e+02  -8.8428073e+00   5.5000000e+02
   1.5884882e+02  -8.8103421e+00   5.5000000e+02
   1.5882914e+02  -8.7779435e+00   5.5000000e+02
   1.5880943e+02  -8.7455611e+00   5.5000000e+02
   1.5878958e+02  -8.7132652e+00   5.5000000e+02
   1.5876965e+02  -8.6810112e+00   5.5000000e+02
   1.5874942e+02  -8.6489523e+00   5.5000000e+02
   1.5872894e+02  -8.6170434e+00   5.5000000e+02
   1.5870668e+02  -8.5864130e+00   5.5000000e+02
   1.5868237e+02  -8.5572486e+00   5.5000000e+02
   1.5865769e+02  -8.5284055e+00   5.5000000e+02
   1.5863276e+02  -8.4997643e+00   5.5000000e+02
   1.5860764e+02  -8.4712915e+00   5.5000000e+02
   1.5858244e+02  -8.4428813e+00   5.5000000e+02
   1.5855676e+02  -8.4149063e+00   5.5000000e+02
   1.5853100e+02  -8.3870000e+00   5.5000000e+02
