   3.3342400e+02  -6.0756000e+01   0.0000000e+00
   3.3369972e+02  -6.0679881e+01   0.0000000e+00
   3.3396791e+02  -6.0598091e+01   0.0000000e+00
   3.3422840e+02  -6.0511104e+01   0.0000000e+00
   3.3445901e+02  -6.0405971e+01   0.0000000e+00
   3.3468170e+02  -6.0297148e+01   0.0000000e+00
   3.3489800e+02  -6.0185553e+01   0.0000000e+00
   3.3509804e+02  -6.0067095e+01   0.0000000e+00
   3.3528962e+02  -5.9945410e+01   0.0000000e+00
   3.3547114e+02  -5.9820243e+01   0.0000000e+00
   3.3563542e+02  -5.9689350e+01   0.0000000e+00
   3.3579092e+02  -5.9555940e+01   0.0000000e+00
   3.3591466e+02  -5.9414412e+01   0.0000000e+00
   3.3602317e+02  -5.9269901e+01   0.0000000e+00
   3.3610088e+02  -5.9120251e+01   0.0000000e+00
   3.3616812e+02  -5.8969331e+01   0.0000000e+00
   3.3622351e+02  -5.8817143e+01   0.0000000e+00
   3.3626670e+02  -5.8663999e+01   0.0000000e+00
   3.3627265e+02  -5.8509185e+01   0.0000000e+00
   3.3624069e+02  -5.8355694e+01   0.0000000e+00
   3.3617669e+02  -5.8204547e+01   0.0000000e+00
   3.3609028e+02  -5.8056565e+01   0.0000000e+00
   3.3601728e+02  -5.7906854e+01   0.0000000e+00
   3.3597800e+02  -5.7753564e+01   0.0000000e+00
   3.3598040e+02  -5.7598713e+01   0.0000000e+00
   3.3597812e+02  -5.7443987e+01   0.0000000e+00
   3.3593774e+02  -5.7290692e+01   0.0000000e+00
   3.3585892e+02  -5.7142389e+01   0.0000000e+00
   3.3575051e+02  -5.6999196e+01   0.0000000e+00
   3.3562330e+02  -5.6860920e+01   0.0000000e+00
   3.3547872e+02  -5.6727845e+01   0.0000000e+00
   3.3532869e+02  -5.6596771e+01   0.0000000e+00
   3.3516642e+02  -5.6470441e+01   0.0000000e+00
   3.3499817e+02  -5.6346679e+01   0.0000000e+00
   3.3482740e+02  -5.6224224e+01   0.0000000e+00
   3.3465047e+02  -5.6104757e+01   0.0000000e+00
   3.3447096e+02  -5.5986735e+01   0.0000000e+00
   3.3428967e+02  -5.5869835e+01   0.0000000e+00
   3.3410075e+02  -5.5757133e+01   0.0000000e+00
   3.3390607e+02  -5.5647825e+01   0.0000000e+00
   3.3370844e+02  -5.5540547e+01   0.0000000e+00
   3.3350020e+02  -5.5440325e+01   0.0000000e+00
   3.3328574e+02  -5.5344701e+01   0.0000000e+00
   3.3306285e+02  -5.5256285e+01   0.0000000e+00
   3.3282598e+02  -5.5180693e+01   0.0000000e+00
   3.3258437e+02  -5.5110626e+01   0.0000000e+00
   3.3232890e+02  -5.5060405e+01   0.0000000e+00
   3.3206793e+02  -5.5020269e+01   0.0000000e+00
   3.3180059e+02  -5.4999662e+01   0.0000000e+00
   3.3153149e+02  -5.4987623e+01   0.0000000e+00
   3.3126193e+02  -5.4983817e+01   0.0000000e+00
   3.3099228e+02  -5.4990545e+01   0.0000000e+00
   3.3072259e+02  -5.4997000e+01   0.0000000e+00
   3.3045263e+02  -5.4996912e+01   0.0000000e+00
   3.3018280e+02  -5.4992267e+01   0.0000000e+00
   3.2991696e+02  -5.4966107e+01   0.0000000e+00
   3.2965352e+02  -5.4933117e+01   0.0000000e+00
   3.2939644e+02  -5.4887288e+01   0.0000000e+00
   3.2914376e+02  -5.4834105e+01   0.0000000e+00
   3.2889400e+02  -5.4777000e+01   0.0000000e+00
   3.3262700e+02  -6.0155000e+01   5.0000000e+01
   3.3279859e+02  -6.0081439e+01   5.0000000e+01
   3.3296722e+02  -6.0006384e+01   5.0000000e+01
   3.3313215e+02  -5.9929527e+01   5.0000000e+01
   3.3329489e+02  -5.9851696e+01   5.0000000e+01
   3.3345391e+02  -5.9772150e+01   5.0000000e+01
   3.3360386e+02  -5.9688560e+01   5.0000000e+01
   3.3374292e+02  -5.9600338e+01   5.0000000e+01
   3.3387821e+02  -5.9510777e+01   5.0000000e+01
   3.3400864e+02  -5.9419517e+01   5.0000000e+01
   3.3413353e+02  -5.9326379e+01   5.0000000e+01
   3.3424514e+02  -5.9229420e+01   5.0000000e+01
   3.3432606e+02  -5.9124529e+01   5.0000000e+01
   3.3439923e+02  -5.9018201e+01   5.0000000e+01
   3.3446557e+02  -5.8910723e+01   5.0000000e+01
   3.3450156e+02  -5.8799541e+01   5.0000000e+01
   3.3452883e+02  -5.8687647e+01   5.0000000e+01
   3.3454917e+02  -5.8575364e+01   5.0000000e+01
   3.3456291e+02  -5.8462805e+01   5.0000000e+01
   3.3453883e+02  -5.8350736e+01   5.0000000e+01
   3.3450976e+02  -5.8238987e+01   5.0000000e+01
   3.3447602e+02  -5.8127611e+01   5.0000000e+01
   3.3444067e+02  -5.8016379e+01   5.0000000e+01
   3.3440295e+02  -5.7905376e+01   5.0000000e+01
   3.3436548e+02  -5.7794359e+01   5.0000000e+01
   3.3432792e+02  -5.7683364e+01   5.0000000e+01
   3.3429091e+02  -5.7572327e+01   5.0000000e+01
   3.3425382e+02  -5.7461306e+01   5.0000000e+01
   3.3422137e+02  -5.7349911e+01   5.0000000e+01
   3.3419599e+02  -5.7237955e+01   5.0000000e+01
   3.3416965e+02  -5.7126073e+01   5.0000000e+01
   3.3414038e+02  -5.7014409e+01   5.0000000e+01
   3.3409812e+02  -5.6904288e+01   5.0000000e+01
   3.3403192e+02  -5.6797472e+01   5.0000000e+01
   3.3396024e+02  -5.6691759e+01   5.0000000e+01
   3.3388099e+02  -5.6587741e+01   5.0000000e+01
   3.3379614e+02  -5.6485114e+01   5.0000000e+01
   3.3367846e+02  -5.6393131e+01   5.0000000e+01
   3.3355301e+02  -5.6304326e+01   5.0000000e+01
   3.3342248e+02  -5.6217924e+01   5.0000000e+01
   3.3328669e+02  -5.6134224e+01   5.0000000e+01
   3.3313754e+02  -5.6058571e+01   5.0000000e+01
   3.3297474e+02  -5.5991906e+01   5.0000000e+01
   3.3280793e+02  -5.5928652e+01   5.0000000e+01
   3.3263805e+02  -5.5868280e+01   5.0000000e+01
   3.3245688e+02  -5.5820092e+01   5.0000000e+01
   3.3227001e+02  -5.5779003e+01   5.0000000e+01
   3.3208204e+02  -5.5739821e+01   5.0000000e+01
   3.3189303e+02  -5.5702595e+01   5.0000000e+01
   3.3170271e+02  -5.5667795e+01   5.0000000e+01
   3.3151174e+02  -5.5634458e+01   5.0000000e+01
   3.3131960e+02  -5.5603638e+01   5.0000000e+01
   3.3112563e+02  -5.5578256e+01   5.0000000e+01
   3.3092665e+02  -5.5570141e+01   5.0000000e+01
   3.3072751e+02  -5.5563517e+01   5.0000000e+01
   3.3052835e+02  -5.5557663e+01   5.0000000e+01
   3.3032943e+02  -5.5549737e+01   5.0000000e+01
   3.3013328e+02  -5.5531159e+01   5.0000000e+01
   3.2994008e+02  -5.5503660e+01   5.0000000e+01
   3.2974800e+02  -5.5474000e+01   5.0000000e+01
   3.3227500e+02  -5.9895000e+01   1.0000000e+02
   3.3242055e+02  -5.9832588e+01   1.0000000e+02
   3.3256410e+02  -5.9769179e+01   1.0000000e+02
   3.3270644e+02  -5.9705223e+01   1.0000000e+02
   3.3284607e+02  -5.9639913e+01   1.0000000e+02
   3.3298544e+02  -5.9574623e+01   1.0000000e+02
   3.3311973e+02  -5.9506828e+01   1.0000000e+02
   3.3324875e+02  -5.9436537e+01   1.0000000e+02
   3.3337506e+02  -5.9365106e+01   1.0000000e+02
   3.3349759e+02  -5.9292106e+01   1.0000000e+02
   3.3361165e+02  -5.9215914e+01   1.0000000e+02
   3.3370579e+02  -5.9132803e+01   1.0000000e+02
   3.3379445e+02  -5.9048185e+01   1.0000000e+02
   3.3387691e+02  -5.8961981e+01   1.0000000e+02
   3.3393040e+02  -5.8870141e+01   1.0000000e+02
   3.3397180e+02  -5.8776463e+01   1.0000000e+02
   3.3400654e+02  -5.8682073e+01   1.0000000e+02
   3.3403542e+02  -5.8587162e+01   1.0000000e+02
   3.3404579e+02  -5.8491481e+01   1.0000000e+02
   3.3404080e+02  -5.8395418e+01   1.0000000e+02
   3.3403021e+02  -5.8299484e+01   1.0000000e+02
   3.3401540e+02  -5.8203698e+01   1.0000000e+02
   3.3397507e+02  -5.8110074e+01   1.0000000e+02
   3.3392985e+02  -5.8016996e+01   1.0000000e+02
   3.3388248e+02  -5.7924234e+01   1.0000000e+02
   3.3383533e+02  -5.7831457e+01   1.0000000e+02
   3.3378858e+02  -5.7738641e+01   1.0000000e+02
   3.3375450e+02  -5.7644440e+01   1.0000000e+02
   3.3373030e+02  -5.7549214e+01   1.0000000e+02
   3.3370859e+02  -5.7453821e+01   1.0000000e+02
   3.3368748e+02  -5.7358394e+01   1.0000000e+02
   3.3367252e+02  -5.7262669e+01   1.0000000e+02
   3.3366305e+02  -5.7166702e+01   1.0000000e+02
   3.3365296e+02  -5.7070753e+01   1.0000000e+02
   3.3363854e+02  -5.6974973e+01   1.0000000e+02
   3.3361960e+02  -5.6879433e+01   1.0000000e+02
   3.3357753e+02  -5.6786618e+01   1.0000000e+02
   3.3351588e+02  -5.6696679e+01   1.0000000e+02
   3.3344406e+02  -5.6609177e+01   1.0000000e+02
   3.3333675e+02  -5.6533430e+01   1.0000000e+02
   3.3322247e+02  -5.6460960e+01   1.0000000e+02
   3.3310240e+02  -5.6391502e+01   1.0000000e+02
   3.3297160e+02  -5.6328727e+01   1.0000000e+02
   3.3283172e+02  -5.6272057e+01   1.0000000e+02
   3.3268833e+02  -5.6218317e+01   1.0000000e+02
   3.3254291e+02  -5.6166484e+01   1.0000000e+02
   3.3239242e+02  -5.6119781e+01   1.0000000e+02
   3.3223616e+02  -5.6079275e+01   1.0000000e+02
   3.3207856e+02  -5.6040639e+01   1.0000000e+02
   3.3192225e+02  -5.6000616e+01   1.0000000e+02
   3.3176788e+02  -5.5958467e+01   1.0000000e+02
   3.3161307e+02  -5.5917033e+01   1.0000000e+02
   3.3145700e+02  -5.5877297e+01   1.0000000e+02
   3.3129982e+02  -5.5839161e+01   1.0000000e+02
   3.3113241e+02  -5.5819597e+01   1.0000000e+02
   3.3096427e+02  -5.5802027e+01   1.0000000e+02
   3.3079578e+02  -5.5785788e+01   1.0000000e+02
   3.3062761e+02  -5.5768788e+01   1.0000000e+02
   3.3046284e+02  -5.5743769e+01   1.0000000e+02
   3.3030000e+02  -5.5715000e+01   1.0000000e+02
   3.3171300e+02  -5.9680000e+01   1.5000000e+02
   3.3182855e+02  -5.9640847e+01   1.5000000e+02
   3.3194288e+02  -5.9600892e+01   1.5000000e+02
   3.3205706e+02  -5.9560927e+01   1.5000000e+02
   3.3216987e+02  -5.9520066e+01   1.5000000e+02
   3.3228261e+02  -5.9479259e+01   1.5000000e+02
   3.3239417e+02  -5.9437722e+01   1.5000000e+02
   3.3250305e+02  -5.9394490e+01   1.5000000e+02
   3.3261051e+02  -5.9350410e+01   1.5000000e+02
   3.3271669e+02  -5.9305633e+01   1.5000000e+02
   3.3282130e+02  -5.9259976e+01   1.5000000e+02
   3.3292471e+02  -5.9213688e+01   1.5000000e+02
   3.3302622e+02  -5.9166394e+01   1.5000000e+02
   3.3312476e+02  -5.9117560e+01   1.5000000e+02
   3.3322176e+02  -5.9067991e+01   1.5000000e+02
   3.3330314e+02  -5.9011893e+01   1.5000000e+02
   3.3337720e+02  -5.8952877e+01   1.5000000e+02
   3.3344715e+02  -5.8892602e+01   1.5000000e+02
   3.3351212e+02  -5.8830883e+01   1.5000000e+02
   3.3356331e+02  -5.8766196e+01   1.5000000e+02
   3.3359756e+02  -5.8698215e+01   1.5000000e+02
   3.3362626e+02  -5.8629539e+01   1.5000000e+02
   3.3365046e+02  -5.8560396e+01   1.5000000e+02
   3.3365441e+02  -5.8490197e+01   1.5000000e+02
   3.3365300e+02  -5.8419927e+01   1.5000000e+02
   3.3364725e+02  -5.8349720e+01   1.5000000e+02
   3.3363719e+02  -5.8279649e+01   1.5000000e+02
   3.3361756e+02  -5.8210357e+01   1.5000000e+02
   3.3358114e+02  -5.8142751e+01   1.5000000e+02
   3.3354156e+02  -5.8075649e+01   1.5000000e+02
   3.3350125e+02  -5.8008684e+01   1.5000000e+02
   3.3346488e+02  -5.7941107e+01   1.5000000e+02
   3.3343132e+02  -5.7873125e+01   1.5000000e+02
   3.3339895e+02  -5.7804986e+01   1.5000000e+02
   3.3337759e+02  -5.7735726e+01   1.5000000e+02
   3.3336194e+02  -5.7665945e+01   1.5000000e+02
   3.3334876e+02  -5.7596021e+01   1.5000000e+02
   3.3333733e+02  -5.7526006e+01   1.5000000e+02
   3.3332671e+02  -5.7455955e+01   1.5000000e+02
   3.3331858e+02  -5.7385832e+01   1.5000000e+02
   3.3331688e+02  -5.7315555e+01   1.5000000e+02
   3.3331589e+02  -5.7245274e+01   1.5000000e+02
   3.3331316e+02  -5.7175006e+01   1.5000000e+02
   3.3330870e+02  -5.7104764e+01   1.5000000e+02
   3.3330183e+02  -5.7034582e+01   1.5000000e+02
   3.3328142e+02  -5.6965309e+01   1.5000000e+02
   3.3325160e+02  -5.6896948e+01   1.5000000e+02
   3.3321363e+02  -5.6829814e+01   1.5000000e+02
   3.3313811e+02  -5.6773182e+01   1.5000000e+02
   3.3305427e+02  -5.6720044e+01   1.5000000e+02
   3.3296444e+02  -5.6670001e+01   1.5000000e+02
   3.3286366e+02  -5.6626956e+01   1.5000000e+02
   3.3275897e+02  -5.6586720e+01   1.5000000e+02
   3.3265305e+02  -5.6547562e+01   1.5000000e+02
   3.3254776e+02  -5.6507976e+01   1.5000000e+02
   3.3244357e+02  -5.6467599e+01   1.5000000e+02
   3.3233983e+02  -5.6426950e+01   1.5000000e+02
   3.3223579e+02  -5.6386623e+01   1.5000000e+02
   3.3213141e+02  -5.6346656e+01   1.5000000e+02
   3.3202800e+02  -5.6306000e+01   1.5000000e+02
   3.3196800e+02  -5.9400000e+01   2.0000000e+02
   3.3205579e+02  -5.9368753e+01   2.0000000e+02
   3.3214291e+02  -5.9337083e+01   2.0000000e+02
   3.3222908e+02  -5.9304794e+01   2.0000000e+02
   3.3231388e+02  -5.9271614e+01   2.0000000e+02
   3.3239808e+02  -5.9238112e+01   2.0000000e+02
   3.3248117e+02  -5.9203947e+01   2.0000000e+02
   3.3256323e+02  -5.9169174e+01   2.0000000e+02
   3.3264425e+02  -5.9133819e+01   2.0000000e+02
   3.3271894e+02  -5.9095053e+01   2.0000000e+02
   3.3279203e+02  -5.9055496e+01   2.0000000e+02
   3.3286382e+02  -5.9015360e+01   2.0000000e+02
   3.3293309e+02  -5.8974095e+01   2.0000000e+02
   3.3300066e+02  -5.8932134e+01   2.0000000e+02
   3.3306558e+02  -5.8889123e+01   2.0000000e+02
   3.3312533e+02  -5.8844368e+01   2.0000000e+02
   3.3316432e+02  -5.8793689e+01   2.0000000e+02
   3.3320005e+02  -5.8742388e+01   2.0000000e+02
   3.3323196e+02  -5.8690438e+01   2.0000000e+02
   3.3326016e+02  -5.8637904e+01   2.0000000e+02
   3.3328510e+02  -5.8584920e+01   2.0000000e+02
   3.3328819e+02  -5.8530439e+01   2.0000000e+02
   3.3328702e+02  -5.8475907e+01   2.0000000e+02
   3.3328268e+02  -5.8421412e+01   2.0000000e+02
   3.3327580e+02  -5.8366981e+01   2.0000000e+02
   3.3326510e+02  -5.8312719e+01   2.0000000e+02
   3.3324326e+02  -5.8259527e+01   2.0000000e+02
   3.3321654e+02  -5.8206821e+01   2.0000000e+02
   3.3318927e+02  -5.8154199e+01   2.0000000e+02
   3.3316141e+02  -5.8101668e+01   2.0000000e+02
   3.3314322e+02  -5.8047986e+01   2.0000000e+02
   3.3312628e+02  -5.7994179e+01   2.0000000e+02
   3.3311015e+02  -5.7940303e+01   2.0000000e+02
   3.3309524e+02  -5.7886331e+01   2.0000000e+02
   3.3308182e+02  -5.7832251e+01   2.0000000e+02
   3.3306927e+02  -5.7778111e+01   2.0000000e+02
   3.3305731e+02  -5.7723935e+01   2.0000000e+02
   3.3305363e+02  -5.7669441e+01   2.0000000e+02
   3.3305123e+02  -5.7614906e+01   2.0000000e+02
   3.3304923e+02  -5.7560365e+01   2.0000000e+02
   3.3304782e+02  -5.7505820e+01   2.0000000e+02
   3.3304675e+02  -5.7451272e+01   2.0000000e+02
   3.3304608e+02  -5.7396722e+01   2.0000000e+02
   3.3304542e+02  -5.7342172e+01   2.0000000e+02
   3.3304525e+02  -5.7287622e+01   2.0000000e+02
   3.3304590e+02  -5.7233072e+01   2.0000000e+02
   3.3304544e+02  -5.7178522e+01   2.0000000e+02
   3.3304346e+02  -5.7123991e+01   2.0000000e+02
   3.3303881e+02  -5.7069499e+01   2.0000000e+02
   3.3302936e+02  -5.7015204e+01   2.0000000e+02
   3.3301093e+02  -5.6962035e+01   2.0000000e+02
   3.3297351e+02  -5.6911448e+01   2.0000000e+02
   3.3292901e+02  -5.6862648e+01   2.0000000e+02
   3.3287327e+02  -5.6818159e+01   2.0000000e+02
   3.3280307e+02  -5.6779449e+01   2.0000000e+02
   3.3272915e+02  -5.6742949e+01   2.0000000e+02
   3.3265437e+02  -5.6706996e+01   2.0000000e+02
   3.3257875e+02  -5.6671624e+01   2.0000000e+02
   3.3250251e+02  -5.6636697e+01   2.0000000e+02
   3.3242600e+02  -5.6602000e+01   2.0000000e+02
   3.3214700e+02  -5.9164000e+01   2.5000000e+02
   3.3221059e+02  -5.9134290e+01   2.5000000e+02
   3.3227399e+02  -5.9104483e+01   2.5000000e+02
   3.3233528e+02  -5.9073578e+01   2.5000000e+02
   3.3239606e+02  -5.9042431e+01   2.5000000e+02
   3.3245443e+02  -5.9010120e+01   2.5000000e+02
   3.3251007e+02  -5.8976704e+01   2.5000000e+02
   3.3255767e+02  -5.8940039e+01   2.5000000e+02
   3.3260320e+02  -5.8902705e+01   2.5000000e+02
   3.3264738e+02  -5.8864951e+01   2.5000000e+02
   3.3268855e+02  -5.8826312e+01   2.5000000e+02
   3.3272778e+02  -5.8787158e+01   2.5000000e+02
   3.3276544e+02  -5.8747587e+01   2.5000000e+02
   3.3278357e+02  -5.8704499e+01   2.5000000e+02
   3.3280039e+02  -5.8661260e+01   2.5000000e+02
   3.3281414e+02  -5.8617721e+01   2.5000000e+02
   3.3282585e+02  -5.8574034e+01   2.5000000e+02
   3.3283553e+02  -5.8530200e+01   2.5000000e+02
   3.3284183e+02  -5.8486211e+01   2.5000000e+02
   3.3284698e+02  -5.8442170e+01   2.5000000e+02
   3.3283485e+02  -5.8398510e+01   2.5000000e+02
   3.3282146e+02  -5.8354954e+01   2.5000000e+02
   3.3280656e+02  -5.8311530e+01   2.5000000e+02
   3.3279053e+02  -5.8268219e+01   2.5000000e+02
   3.3277437e+02  -5.8224922e+01   2.5000000e+02
   3.3275822e+02  -5.8181627e+01   2.5000000e+02
   3.3274725e+02  -5.8137906e+01   2.5000000e+02
   3.3273760e+02  -5.8094078e+01   2.5000000e+02
   3.3272836e+02  -5.8050225e+01   2.5000000e+02
   3.3271952e+02  -5.8006352e+01   2.5000000e+02
   3.3271153e+02  -5.7962432e+01   2.5000000e+02
   3.3270418e+02  -5.7918482e+01   2.5000000e+02
   3.3269733e+02  -5.7874509e+01   2.5000000e+02
   3.3269093e+02  -5.7830517e+01   2.5000000e+02
   3.3268503e+02  -5.7786513e+01   2.5000000e+02
   3.3268565e+02  -5.7742391e+01   2.5000000e+02
   3.3268678e+02  -5.7698273e+01   2.5000000e+02
   3.3268862e+02  -5.7654160e+01   2.5000000e+02
   3.3269091e+02  -5.7610054e+01   2.5000000e+02
   3.3269334e+02  -5.7565949e+01   2.5000000e+02
   3.3269579e+02  -5.7521845e+01   2.5000000e+02
   3.3269824e+02  -5.7477741e+01   2.5000000e+02
   3.3270069e+02  -5.7433637e+01   2.5000000e+02
   3.3270449e+02  -5.7389562e+01   2.5000000e+02
   3.3270836e+02  -5.7345488e+01   2.5000000e+02
   3.3271122e+02  -5.7301392e+01   2.5000000e+02
   3.3271386e+02  -5.7257291e+01   2.5000000e+02
   3.3271612e+02  -5.7213185e+01   2.5000000e+02
   3.3271700e+02  -5.7169068e+01   2.5000000e+02
   3.3271700e+02  -5.7124944e+01   2.5000000e+02
   3.3271502e+02  -5.7080836e+01   2.5000000e+02
   3.3271111e+02  -5.7036829e+01   2.5000000e+02
   3.3269531e+02  -5.6993552e+01   2.5000000e+02
   3.3267673e+02  -5.6950622e+01   2.5000000e+02
   3.3265571e+02  -5.6908030e+01   2.5000000e+02
   3.3263092e+02  -5.6866035e+01   2.5000000e+02
   3.3258892e+02  -5.6828838e+01   2.5000000e+02
   3.3254151e+02  -5.6793148e+01   2.5000000e+02
   3.3248768e+02  -5.6760381e+01   2.5000000e+02
   3.3243300e+02  -5.6728000e+01   2.5000000e+02
