   1.2348700e+02   1.4470000e+00   0.0000000e+00
   1.2339614e+02   1.4470414e+00   0.0000000e+00
   1.2330530e+02   1.4491213e+00   0.0000000e+00
   1.2321454e+02   1.4533008e+00   0.0000000e+00
   1.2312389e+02   1.4595490e+00   0.0000000e+00
   1.2303354e+02   1.4686461e+00   0.0000000e+00
   1.2294493e+02   1.4887057e+00   0.0000000e+00
   1.2285683e+02   1.5109389e+00   0.0000000e+00
   1.2276910e+02   1.5345775e+00   0.0000000e+00
   1.2268170e+02   1.5594280e+00   0.0000000e+00
   1.2259473e+02   1.5857108e+00   0.0000000e+00
   1.2251033e+02   1.6192738e+00   0.0000000e+00
   1.2242629e+02   1.6538125e+00   0.0000000e+00
   1.2234224e+02   1.6883517e+00   0.0000000e+00
   1.2225820e+02   1.7228913e+00   0.0000000e+00
   1.2217394e+02   1.7569022e+00   0.0000000e+00
   1.2208742e+02   1.7843143e+00   0.0000000e+00
   1.2199966e+02   1.8079010e+00   0.0000000e+00
   1.2191154e+02   1.8301149e+00   0.0000000e+00
   1.2182293e+02   1.8502741e+00   0.0000000e+00
   1.2173396e+02   1.8688077e+00   0.0000000e+00
   1.2164444e+02   1.8835501e+00   0.0000000e+00
   1.2155372e+02   1.8890146e+00   0.0000000e+00
   1.2146294e+02   1.8931226e+00   0.0000000e+00
   1.2137208e+02   1.8949069e+00   0.0000000e+00
   1.2128120e+02   1.8948973e+00   0.0000000e+00
   1.2119058e+02   1.8905514e+00   0.0000000e+00
   1.2110089e+02   1.8759551e+00   0.0000000e+00
   1.2101166e+02   1.8587859e+00   0.0000000e+00
   1.2092280e+02   1.8397504e+00   0.0000000e+00
   1.2083423e+02   1.8193917e+00   0.0000000e+00
   1.2074622e+02   1.7967740e+00   0.0000000e+00
   1.2065952e+02   1.7698823e+00   0.0000000e+00
   1.2057674e+02   1.7324190e+00   0.0000000e+00
   1.2049490e+02   1.6929511e+00   0.0000000e+00
   1.2041384e+02   1.6519040e+00   0.0000000e+00
   1.2033397e+02   1.6086285e+00   0.0000000e+00
   1.2025532e+02   1.5631422e+00   0.0000000e+00
   1.2017792e+02   1.5155602e+00   0.0000000e+00
   1.2010873e+02   1.4568879e+00   0.0000000e+00
   1.2004249e+02   1.3947176e+00   0.0000000e+00
   1.1997807e+02   1.3306661e+00   0.0000000e+00
   1.1991563e+02   1.2647076e+00   0.0000000e+00
   1.1986237e+02   1.1914924e+00   0.0000000e+00
   1.1981511e+02   1.1139274e+00   0.0000000e+00
   1.1976989e+02   1.0351478e+00   0.0000000e+00
   1.1972645e+02   9.5537902e-01   0.0000000e+00
   1.1968484e+02   8.7463596e-01   0.0000000e+00
   1.1964552e+02   7.9278512e-01   0.0000000e+00
   1.1961567e+02   7.0699934e-01   0.0000000e+00
   1.1958727e+02   6.2072031e-01   0.0000000e+00
   1.1956006e+02   5.3406095e-01   0.0000000e+00
   1.1953423e+02   4.4698029e-01   0.0000000e+00
   1.1950973e+02   3.5951465e-01   0.0000000e+00
   1.1948645e+02   2.7171750e-01   0.0000000e+00
   1.1946980e+02   1.8243330e-01   0.0000000e+00
   1.1945532e+02   9.2762061e-02   0.0000000e+00
   1.1944146e+02   2.9950806e-03   0.0000000e+00
   1.1942822e+02  -8.6867409e-02   0.0000000e+00
   1.1941700e+02  -1.7700000e-01   0.0000000e+00
   1.2376600e+02   9.8000000e-01   5.0000000e+01
   1.2368412e+02   9.8093044e-01   5.0000000e+01
   1.2360224e+02   9.8186089e-01   5.0000000e+01
   1.2352036e+02   9.8279134e-01   5.0000000e+01
   1.2343848e+02   9.8373008e-01   5.0000000e+01
   1.2335660e+02   9.8466359e-01   5.0000000e+01
   1.2327474e+02   9.8618784e-01   5.0000000e+01
   1.2319288e+02   9.8821380e-01   5.0000000e+01
   1.2311102e+02   9.9036791e-01   5.0000000e+01
   1.2302916e+02   9.9250227e-01   5.0000000e+01
   1.2294733e+02   9.9547370e-01   5.0000000e+01
   1.2286551e+02   9.9870348e-01   5.0000000e+01
   1.2278407e+02   1.0070169e+00   5.0000000e+01
   1.2270276e+02   1.0167040e+00   5.0000000e+01
   1.2262146e+02   1.0264989e+00   5.0000000e+01
   1.2254016e+02   1.0362937e+00   5.0000000e+01
   1.2245896e+02   1.0468842e+00   5.0000000e+01
   1.2237779e+02   1.0576425e+00   5.0000000e+01
   1.2229673e+02   1.0692588e+00   5.0000000e+01
   1.2221571e+02   1.0811159e+00   5.0000000e+01
   1.2213458e+02   1.0922391e+00   5.0000000e+01
   1.2205342e+02   1.1031264e+00   5.0000000e+01
   1.2197226e+02   1.1140138e+00   5.0000000e+01
   1.2189101e+02   1.1241940e+00   5.0000000e+01
   1.2180934e+02   1.1293156e+00   5.0000000e+01
   1.2172751e+02   1.1325794e+00   5.0000000e+01
   1.2164566e+02   1.1348774e+00   5.0000000e+01
   1.2156378e+02   1.1360000e+00   5.0000000e+01
   1.2148189e+02   1.1358933e+00   5.0000000e+01
   1.2140008e+02   1.1336247e+00   5.0000000e+01
   1.2131862e+02   1.1252250e+00   5.0000000e+01
   1.2123738e+02   1.1150139e+00   5.0000000e+01
   1.2115632e+02   1.1034310e+00   5.0000000e+01
   1.2107569e+02   1.0891298e+00   5.0000000e+01
   1.2099528e+02   1.0736604e+00   5.0000000e+01
   1.2091598e+02   1.0540315e+00   5.0000000e+01
   1.2084018e+02   1.0230800e+00   5.0000000e+01
   1.2076562e+02   9.8924202e-01   5.0000000e+01
   1.2069230e+02   9.5282941e-01   5.0000000e+01
   1.2062087e+02   9.1285032e-01   5.0000000e+01
   1.2055684e+02   8.6324522e-01   5.0000000e+01
   1.2050413e+02   8.0063707e-01   5.0000000e+01
   1.2045438e+02   7.3562004e-01   5.0000000e+01
   1.2040629e+02   6.6935881e-01   5.0000000e+01
   1.2036119e+02   6.0104581e-01   5.0000000e+01
   1.2032576e+02   5.2733087e-01   5.0000000e+01
   1.2029292e+02   4.5233379e-01   5.0000000e+01
   1.2026132e+02   3.7680614e-01   5.0000000e+01
   1.2023131e+02   3.0063481e-01   5.0000000e+01
   1.2020354e+02   2.2362355e-01   5.0000000e+01
   1.2017664e+02   1.4629559e-01   5.0000000e+01
   1.2015080e+02   6.8611044e-02   5.0000000e+01
   1.2012680e+02  -9.6611872e-03   5.0000000e+01
   1.2010935e+02  -8.9572250e-02   5.0000000e+01
   1.2009532e+02  -1.7023054e-01   5.0000000e+01
   1.2008184e+02  -2.5098417e-01   5.0000000e+01
   1.2007025e+02  -3.3202908e-01   5.0000000e+01
   1.2005974e+02  -4.1322387e-01   5.0000000e+01
   1.2005028e+02  -4.9454782e-01   5.0000000e+01
   1.2004200e+02  -5.7600000e-01   5.0000000e+01
   1.2333000e+02   7.4400000e-01   1.0000000e+02
   1.2325890e+02   7.4400000e-01   1.0000000e+02
   1.2318779e+02   7.4400000e-01   1.0000000e+02
   1.2311669e+02   7.4438123e-01   1.0000000e+02
   1.2304559e+02   7.4517315e-01   1.0000000e+02
   1.2297449e+02   7.4597203e-01   1.0000000e+02
   1.2290339e+02   7.4676234e-01   1.0000000e+02
   1.2283235e+02   7.4942215e-01   1.0000000e+02
   1.2276133e+02   7.5288654e-01   1.0000000e+02
   1.2269032e+02   7.5668753e-01   1.0000000e+02
   1.2261935e+02   7.6102762e-01   1.0000000e+02
   1.2254838e+02   7.6532301e-01   1.0000000e+02
   1.2247736e+02   7.6878741e-01   1.0000000e+02
   1.2240638e+02   7.7306205e-01   1.0000000e+02
   1.2233541e+02   7.7738967e-01   1.0000000e+02
   1.2226443e+02   7.8159134e-01   1.0000000e+02
   1.2219344e+02   7.8569869e-01   1.0000000e+02
   1.2212245e+02   7.8963036e-01   1.0000000e+02
   1.2205142e+02   7.9293400e-01   1.0000000e+02
   1.2198039e+02   7.9620050e-01   1.0000000e+02
   1.2190936e+02   7.9949487e-01   1.0000000e+02
   1.2183831e+02   8.0233403e-01   1.0000000e+02
   1.2176724e+02   8.0369651e-01   1.0000000e+02
   1.2169614e+02   8.0249719e-01   1.0000000e+02
   1.2162506e+02   8.0060173e-01   1.0000000e+02
   1.2155400e+02   7.9841315e-01   1.0000000e+02
   1.2148299e+02   7.9462626e-01   1.0000000e+02
   1.2141199e+02   7.9075948e-01   1.0000000e+02
   1.2134112e+02   7.8508920e-01   1.0000000e+02
   1.2127099e+02   7.7336864e-01   1.0000000e+02
   1.2120109e+02   7.6035782e-01   1.0000000e+02
   1.2113159e+02   7.4541820e-01   1.0000000e+02
   1.2106268e+02   7.2797239e-01   1.0000000e+02
   1.2099462e+02   7.0739582e-01   1.0000000e+02
   1.2093472e+02   6.6943174e-01   1.0000000e+02
   1.2087726e+02   6.2758050e-01   1.0000000e+02
   1.2082168e+02   5.8325833e-01   1.0000000e+02
   1.2076860e+02   5.3601087e-01   1.0000000e+02
   1.2071754e+02   4.8654304e-01   1.0000000e+02
   1.2067425e+02   4.3091472e-01   1.0000000e+02
   1.2063980e+02   3.6873676e-01   1.0000000e+02
   1.2060790e+02   3.0521831e-01   1.0000000e+02
   1.2057850e+02   2.4049090e-01   1.0000000e+02
   1.2055065e+02   1.7507531e-01   1.0000000e+02
   1.2052452e+02   1.0901775e-01   1.0000000e+02
   1.2050562e+02   4.0477694e-02   1.0000000e+02
   1.2048838e+02  -2.8497752e-02   1.0000000e+02
   1.2047211e+02  -9.7709087e-02   1.0000000e+02
   1.2045716e+02  -1.6721674e-01   1.0000000e+02
   1.2044265e+02  -2.3681724e-01   1.0000000e+02
   1.2042934e+02  -3.0665328e-01   1.0000000e+02
   1.2041671e+02  -3.7661917e-01   1.0000000e+02
   1.2040612e+02  -4.4687391e-01   1.0000000e+02
   1.2039880e+02  -5.1759480e-01   1.0000000e+02
   1.2039148e+02  -5.8831569e-01   1.0000000e+02
   1.2038574e+02  -6.5917993e-01   1.0000000e+02
   1.2038061e+02  -7.3009269e-01   1.0000000e+02
   1.2037572e+02  -8.0102250e-01   1.0000000e+02
   1.2037123e+02  -8.7197505e-01   1.0000000e+02
   1.2036800e+02  -9.4300000e-01   1.0000000e+02
   1.2270200e+02   3.3700000e-01   1.5000000e+02
   1.2264455e+02   3.4050307e-01   1.5000000e+02
   1.2258710e+02   3.4400614e-01   1.5000000e+02
   1.2252965e+02   3.4750922e-01   1.5000000e+02
   1.2247220e+02   3.5101229e-01   1.5000000e+02
   1.2241472e+02   3.5401364e-01   1.5000000e+02
   1.2235723e+02   3.5681797e-01   1.5000000e+02
   1.2229974e+02   3.5962230e-01   1.5000000e+02
   1.2224225e+02   3.6242663e-01   1.5000000e+02
   1.2218475e+02   3.6498360e-01   1.5000000e+02
   1.2212724e+02   3.6714774e-01   1.5000000e+02
   1.2206970e+02   3.6862308e-01   1.5000000e+02
   1.2201215e+02   3.6955648e-01   1.5000000e+02
   1.2195460e+02   3.7059989e-01   1.5000000e+02
   1.2189707e+02   3.7200000e-01   1.5000000e+02
   1.2183951e+02   3.7200000e-01   1.5000000e+02
   1.2178195e+02   3.7147377e-01   1.5000000e+02
   1.2172440e+02   3.7073249e-01   1.5000000e+02
   1.2166685e+02   3.6991058e-01   1.5000000e+02
   1.2160947e+02   3.6543916e-01   1.5000000e+02
   1.2155218e+02   3.5991394e-01   1.5000000e+02
   1.2149500e+02   3.5336882e-01   1.5000000e+02
   1.2143795e+02   3.4580591e-01   1.5000000e+02
   1.2138134e+02   3.3537874e-01   1.5000000e+02
   1.2132506e+02   3.2339934e-01   1.5000000e+02
   1.2126925e+02   3.0942571e-01   1.5000000e+02
   1.2121408e+02   2.9302373e-01   1.5000000e+02
   1.2116773e+02   2.5890695e-01   1.5000000e+02
   1.2112307e+02   2.2262593e-01   1.5000000e+02
   1.2108031e+02   1.8415805e-01   1.5000000e+02
   1.2104208e+02   1.4162930e-01   1.5000000e+02
   1.2101197e+02   9.2583873e-02   1.5000000e+02
   1.2098387e+02   4.2351349e-02   1.5000000e+02
   1.2095766e+02  -8.8871108e-03   1.5000000e+02
   1.2093209e+02  -6.0448772e-02   1.5000000e+02
   1.2090666e+02  -1.1208118e-01   1.5000000e+02
   1.2088129e+02  -1.6374316e-01   1.5000000e+02
   1.2085640e+02  -2.1564241e-01   1.5000000e+02
   1.2083172e+02  -2.6763875e-01   1.5000000e+02
   1.2080721e+02  -3.1971512e-01   1.5000000e+02
   1.2078291e+02  -3.7188985e-01   1.5000000e+02
   1.2075886e+02  -4.2418007e-01   1.5000000e+02
   1.2073574e+02  -4.7687828e-01   1.5000000e+02
   1.2071350e+02  -5.2996470e-01   1.5000000e+02
   1.2069126e+02  -5.8305120e-01   1.5000000e+02
   1.2066946e+02  -6.3631976e-01   1.5000000e+02
   1.2064784e+02  -6.8965971e-01   1.5000000e+02
   1.2062622e+02  -7.4299974e-01   1.5000000e+02
   1.2060459e+02  -7.9633990e-01   1.5000000e+02
   1.2058297e+02  -8.4968013e-01   1.5000000e+02
   1.2056137e+02  -9.0302975e-01   1.5000000e+02
   1.2053988e+02  -9.5642517e-01   1.5000000e+02
   1.2051824e+02  -1.0097623e+00   1.5000000e+02
   1.2049662e+02  -1.0631017e+00   1.5000000e+02
   1.2047569e+02  -1.1167209e+00   1.5000000e+02
   1.2045444e+02  -1.1702097e+00   1.5000000e+02
   1.2043297e+02  -1.2236123e+00   1.5000000e+02
   1.2041182e+02  -1.2771442e+00   1.5000000e+02
   1.2039049e+02  -1.3306035e+00   1.5000000e+02
   1.2036900e+02  -1.3840000e+00   1.5000000e+02
   1.2257800e+02   4.8000000e-02   2.0000000e+02
   1.2255397e+02   5.2971786e-02   2.0000000e+02
   1.2252994e+02   5.7943572e-02   2.0000000e+02
   1.2250591e+02   6.2915358e-02   2.0000000e+02
   1.2248186e+02   6.7806261e-02   2.0000000e+02
   1.2245779e+02   7.2564959e-02   2.0000000e+02
   1.2243372e+02   7.7323656e-02   2.0000000e+02
   1.2240964e+02   8.2082354e-02   2.0000000e+02
   1.2238547e+02   8.6328224e-02   2.0000000e+02
   1.2236128e+02   9.0451578e-02   2.0000000e+02
   1.2233709e+02   9.4574933e-02   2.0000000e+02
   1.2231290e+02   9.8660240e-02   2.0000000e+02
   1.2228867e+02   1.0255893e-01   2.0000000e+02
   1.2226444e+02   1.0645762e-01   2.0000000e+02
   1.2224021e+02   1.1035631e-01   2.0000000e+02
   1.2221583e+02   1.1280515e-01   2.0000000e+02
   1.2219133e+02   1.1419718e-01   2.0000000e+02
   1.2216683e+02   1.1558921e-01   2.0000000e+02
   1.2214233e+02   1.1698125e-01   2.0000000e+02
   1.2211782e+02   1.1811187e-01   2.0000000e+02
   1.2209330e+02   1.1923892e-01   2.0000000e+02
   1.2206879e+02   1.2036597e-01   2.0000000e+02
   1.2204427e+02   1.2124390e-01   2.0000000e+02
   1.2201974e+02   1.2180147e-01   2.0000000e+02
   1.2199520e+02   1.2235904e-01   2.0000000e+02
   1.2197067e+02   1.2291661e-01   2.0000000e+02
   1.2194613e+02   1.2276014e-01   2.0000000e+02
   1.2192159e+02   1.2247810e-01   2.0000000e+02
   1.2189706e+02   1.2219606e-01   2.0000000e+02
   1.2187252e+02   1.2183002e-01   2.0000000e+02
   1.2184799e+02   1.2127245e-01   2.0000000e+02
   1.2182346e+02   1.2071489e-01   2.0000000e+02
   1.2179892e+02   1.2015732e-01   2.0000000e+02
   1.2177441e+02   1.1898929e-01   2.0000000e+02
   1.2174991e+02   1.1758131e-01   2.0000000e+02
   1.2172542e+02   1.1617333e-01   2.0000000e+02
   1.2170093e+02   1.1462974e-01   2.0000000e+02
   1.2167649e+02   1.1240806e-01   2.0000000e+02
   1.2165205e+02   1.1018638e-01   2.0000000e+02
   1.2162761e+02   1.0796470e-01   2.0000000e+02
   1.2160359e+02   1.0339775e-01   2.0000000e+02
   1.2157989e+02   9.7030883e-02   2.0000000e+02
   1.2155619e+02   9.0664014e-02   2.0000000e+02
   1.2153270e+02   8.3578834e-02   2.0000000e+02
   1.2150929e+02   7.6239495e-02   2.0000000e+02
   1.2148587e+02   6.8900156e-02   2.0000000e+02
   1.2146267e+02   6.0915156e-02   2.0000000e+02
   1.2143950e+02   5.2839896e-02   2.0000000e+02
   1.2141633e+02   4.4743249e-02   2.0000000e+02
   1.2139343e+02   3.5934181e-02   2.0000000e+02
   1.2137053e+02   2.7125113e-02   2.0000000e+02
   1.2134805e+02   1.7463330e-02   2.0000000e+02
   1.2132741e+02   4.1935608e-03   2.0000000e+02
   1.2130677e+02  -9.0762088e-03   2.0000000e+02
   1.2128643e+02  -2.2788064e-02   2.0000000e+02
   1.2126641e+02  -3.6982257e-02   2.0000000e+02
   1.2124639e+02  -5.1176450e-02   2.0000000e+02
   1.2122682e+02  -6.5970253e-02   2.0000000e+02
   1.2120741e+02  -8.0985126e-02   2.0000000e+02
   1.2118800e+02  -9.6000000e-02   2.0000000e+02
