   1.7416800e+02  -4.2811000e+01   0.0000000e+00
   1.7481608e+02  -4.2560759e+01   0.0000000e+00
   1.7544973e+02  -4.2294628e+01   0.0000000e+00
   1.7604039e+02  -4.1981977e+01   0.0000000e+00
   1.7660969e+02  -4.1651256e+01   0.0000000e+00
   1.7713031e+02  -4.1280615e+01   0.0000000e+00
   1.7761559e+02  -4.0886858e+01   0.0000000e+00
   1.7802546e+02  -4.0447632e+01   0.0000000e+00
   1.7840443e+02  -3.9994182e+01   0.0000000e+00
   1.7873625e+02  -3.9520353e+01   0.0000000e+00
   1.7903633e+02  -3.9035172e+01   0.0000000e+00
   1.7933416e+02  -3.8550134e+01   0.0000000e+00
   1.7967342e+02  -3.8082467e+01   0.0000000e+00
   1.8003783e+02  -3.7627709e+01   0.0000000e+00
   1.8039385e+02  -3.7170010e+01   0.0000000e+00
   1.8071476e+02  -3.6696950e+01   0.0000000e+00
   1.8100040e+02  -3.6211078e+01   0.0000000e+00
   1.8122605e+02  -3.5704885e+01   0.0000000e+00
   1.8145155e+02  -3.5199165e+01   0.0000000e+00
   1.8169000e+02  -3.4697769e+01   0.0000000e+00
   1.8190912e+02  -3.4191073e+01   0.0000000e+00
   1.8209759e+02  -3.3676157e+01   0.0000000e+00
   1.8224979e+02  -3.3153483e+01   0.0000000e+00
   1.8238845e+02  -3.2628089e+01   0.0000000e+00
   1.8256758e+02  -3.2111808e+01   0.0000000e+00
   1.8283925e+02  -3.1626029e+01   0.0000000e+00
   1.8310043e+02  -3.1136351e+01   0.0000000e+00
   1.8334687e+02  -3.0641539e+01   0.0000000e+00
   1.8357526e+02  -3.0140757e+01   0.0000000e+00
   1.8378166e+02  -2.9633512e+01   0.0000000e+00
   1.8394789e+02  -2.9115234e+01   0.0000000e+00
   1.8410212e+02  -2.8594331e+01   0.0000000e+00
   1.8424752e+02  -2.8071631e+01   0.0000000e+00
   1.8437734e+02  -2.7545917e+01   0.0000000e+00
   1.8449738e+02  -2.7018453e+01   0.0000000e+00
   1.8460415e+02  -2.6488853e+01   0.0000000e+00
   1.8469776e+02  -2.5957307e+01   0.0000000e+00
   1.8476991e+02  -2.5423456e+01   0.0000000e+00
   1.8480422e+02  -2.4886211e+01   0.0000000e+00
   1.8489483e+02  -2.4354943e+01   0.0000000e+00
   1.8510133e+02  -2.3851947e+01   0.0000000e+00
   1.8535376e+02  -2.3366243e+01   0.0000000e+00
   1.8562277e+02  -2.2888373e+01   0.0000000e+00
   1.8587921e+02  -2.2405066e+01   0.0000000e+00
   1.8612963e+02  -2.1919465e+01   0.0000000e+00
   1.8635935e+02  -2.1425476e+01   0.0000000e+00
   1.8658179e+02  -2.0928915e+01   0.0000000e+00
   1.8678662e+02  -2.0426056e+01   0.0000000e+00
   1.8698441e+02  -1.9920953e+01   0.0000000e+00
   1.8715771e+02  -1.9408385e+01   0.0000000e+00
   1.8730901e+02  -1.8889570e+01   0.0000000e+00
   1.8745495e+02  -1.8369503e+01   0.0000000e+00
   1.8759518e+02  -1.7848124e+01   0.0000000e+00
   1.8772901e+02  -1.7325327e+01   0.0000000e+00
   1.8784597e+02  -1.6798975e+01   0.0000000e+00
   1.8789605e+02  -1.6265381e+01   0.0000000e+00
   1.8781968e+02  -1.5732945e+01   0.0000000e+00
   1.8752686e+02  -1.5276789e+01   0.0000000e+00
   1.8712939e+02  -1.4902675e+01   0.0000000e+00
   1.8665200e+02  -1.4630000e+01   0.0000000e+00
   1.7410300e+02  -4.0667000e+01   5.0000000e+01
   1.7462072e+02  -4.0374273e+01   5.0000000e+01
   1.7513376e+02  -4.0079067e+01   5.0000000e+01
   1.7564123e+02  -3.9780483e+01   5.0000000e+01
   1.7614058e+02  -3.9476071e+01   5.0000000e+01
   1.7662900e+02  -3.9163336e+01   5.0000000e+01
   1.7709800e+02  -3.8835817e+01   5.0000000e+01
   1.7748690e+02  -3.8450723e+01   5.0000000e+01
   1.7786007e+02  -3.8057397e+01   5.0000000e+01
   1.7821535e+02  -3.7655178e+01   5.0000000e+01
   1.7855012e+02  -3.7242931e+01   5.0000000e+01
   1.7887713e+02  -3.6827669e+01   5.0000000e+01
   1.7919586e+02  -3.6409172e+01   5.0000000e+01
   1.7950649e+02  -3.5987574e+01   5.0000000e+01
   1.7977778e+02  -3.5549316e+01   5.0000000e+01
   1.8003984e+02  -3.5107872e+01   5.0000000e+01
   1.8029388e+02  -3.4663851e+01   5.0000000e+01
   1.8054119e+02  -3.4217782e+01   5.0000000e+01
   1.8074902e+02  -3.3758604e+01   5.0000000e+01
   1.8094855e+02  -3.3297179e+01   5.0000000e+01
   1.8114520e+02  -3.2835203e+01   5.0000000e+01
   1.8133863e+02  -3.2372570e+01   5.0000000e+01
   1.8153249e+02  -3.1910366e+01   5.0000000e+01
   1.8173049e+02  -3.1449719e+01   5.0000000e+01
   1.8193714e+02  -3.0992301e+01   5.0000000e+01
   1.8219089e+02  -3.0552937e+01   5.0000000e+01
   1.8244490e+02  -3.0114168e+01   5.0000000e+01
   1.8268597e+02  -2.9670960e+01   5.0000000e+01
   1.8285545e+02  -2.9203213e+01   5.0000000e+01
   1.8301309e+02  -2.8732515e+01   5.0000000e+01
   1.8315953e+02  -2.8259210e+01   5.0000000e+01
   1.8329508e+02  -2.7783539e+01   5.0000000e+01
   1.8342102e+02  -2.7305952e+01   5.0000000e+01
   1.8350159e+02  -2.6820737e+01   5.0000000e+01
   1.8357519e+02  -2.6334683e+01   5.0000000e+01
   1.8364630e+02  -2.5848362e+01   5.0000000e+01
   1.8371544e+02  -2.5361850e+01   5.0000000e+01
   1.8378577e+02  -2.4875508e+01   5.0000000e+01
   1.8386207e+02  -2.4389942e+01   5.0000000e+01
   1.8394819e+02  -2.3905793e+01   5.0000000e+01
   1.8404916e+02  -2.3424116e+01   5.0000000e+01
   1.8423264e+02  -2.2963654e+01   5.0000000e+01
   1.8443039e+02  -2.2508344e+01   5.0000000e+01
   1.8467413e+02  -2.2072833e+01   5.0000000e+01
   1.8492402e+02  -2.1640645e+01   5.0000000e+01
   1.8517334e+02  -2.1208538e+01   5.0000000e+01
   1.8542085e+02  -2.0775886e+01   5.0000000e+01
   1.8562899e+02  -2.0326549e+01   5.0000000e+01
   1.8581180e+02  -1.9867083e+01   5.0000000e+01
   1.8598676e+02  -1.9405099e+01   5.0000000e+01
   1.8615700e+02  -1.8941712e+01   5.0000000e+01
   1.8631744e+02  -1.8475382e+01   5.0000000e+01
   1.8646816e+02  -1.8006243e+01   5.0000000e+01
   1.8661029e+02  -1.7534810e+01   5.0000000e+01
   1.8674256e+02  -1.7060867e+01   5.0000000e+01
   1.8683985e+02  -1.6579545e+01   5.0000000e+01
   1.8689406e+02  -1.6092012e+01   5.0000000e+01
   1.8678586e+02  -1.5613559e+01   5.0000000e+01
   1.8657245e+02  -1.5170510e+01   5.0000000e+01
   1.8629500e+02  -1.4760000e+01   5.0000000e+01
   1.7377500e+02  -4.0475000e+01   1.0000000e+02
   1.7425024e+02  -4.0161510e+01   1.0000000e+02
   1.7472508e+02  -3.9849625e+01   1.0000000e+02
   1.7519942e+02  -3.9539199e+01   1.0000000e+02
   1.7566702e+02  -3.9224673e+01   1.0000000e+02
   1.7611228e+02  -3.8892948e+01   1.0000000e+02
   1.7654190e+02  -3.8550773e+01   1.0000000e+02
   1.7694726e+02  -3.8192203e+01   1.0000000e+02
   1.7734270e+02  -3.7828192e+01   1.0000000e+02
   1.7771776e+02  -3.7452249e+01   1.0000000e+02
   1.7807363e+02  -3.7066034e+01   1.0000000e+02
   1.7839998e+02  -3.6664281e+01   1.0000000e+02
   1.7871587e+02  -3.6258040e+01   1.0000000e+02
   1.7901500e+02  -3.5844543e+01   1.0000000e+02
   1.7929657e+02  -3.5423584e+01   1.0000000e+02
   1.7957024e+02  -3.4999824e+01   1.0000000e+02
   1.7983745e+02  -3.4573899e+01   1.0000000e+02
   1.8007393e+02  -3.4136338e+01   1.0000000e+02
   1.8030315e+02  -3.3696577e+01   1.0000000e+02
   1.8052700e+02  -3.3255314e+01   1.0000000e+02
   1.8072816e+02  -3.2806955e+01   1.0000000e+02
   1.8091752e+02  -3.2355157e+01   1.0000000e+02
   1.8110563e+02  -3.1903277e+01   1.0000000e+02
   1.8129451e+02  -3.1451898e+01   1.0000000e+02
   1.8149489e+02  -3.1004484e+01   1.0000000e+02
   1.8172958e+02  -3.0570708e+01   1.0000000e+02
   1.8200709e+02  -3.0155692e+01   1.0000000e+02
   1.8222529e+02  -2.9715907e+01   1.0000000e+02
   1.8241949e+02  -2.9267589e+01   1.0000000e+02
   1.8258275e+02  -2.8810445e+01   1.0000000e+02
   1.8272478e+02  -2.8347828e+01   1.0000000e+02
   1.8285717e+02  -2.7883133e+01   1.0000000e+02
   1.8297119e+02  -2.7414885e+01   1.0000000e+02
   1.8306545e+02  -2.6943140e+01   1.0000000e+02
   1.8315321e+02  -2.6470460e+01   1.0000000e+02
   1.8321409e+02  -2.5994467e+01   1.0000000e+02
   1.8327025e+02  -2.5518006e+01   1.0000000e+02
   1.8332563e+02  -2.5041489e+01   1.0000000e+02
   1.8338654e+02  -2.4565570e+01   1.0000000e+02
   1.8345532e+02  -2.4090557e+01   1.0000000e+02
   1.8353326e+02  -2.3616757e+01   1.0000000e+02
   1.8365358e+02  -2.3150837e+01   1.0000000e+02
   1.8379921e+02  -2.2690897e+01   1.0000000e+02
   1.8399529e+02  -2.2248290e+01   1.0000000e+02
   1.8424598e+02  -2.1830022e+01   1.0000000e+02
   1.8453051e+02  -2.1430684e+01   1.0000000e+02
   1.8478822e+02  -2.1016134e+01   1.0000000e+02
   1.8502872e+02  -2.0593325e+01   1.0000000e+02
   1.8522464e+02  -2.0150798e+01   1.0000000e+02
   1.8541013e+02  -1.9704526e+01   1.0000000e+02
   1.8558764e+02  -1.9255559e+01   1.0000000e+02
   1.8575333e+02  -1.8802761e+01   1.0000000e+02
   1.8591216e+02  -1.8347892e+01   1.0000000e+02
   1.8606388e+02  -1.7890967e+01   1.0000000e+02
   1.8620629e+02  -1.7431447e+01   1.0000000e+02
   1.8632070e+02  -1.6965207e+01   1.0000000e+02
   1.8640714e+02  -1.6493328e+01   1.0000000e+02
   1.8643740e+02  -1.6016914e+01   1.0000000e+02
   1.8637617e+02  -1.5542080e+01   1.0000000e+02
   1.8619300e+02  -1.5097000e+01   1.0000000e+02
   1.7359500e+02  -4.0225000e+01   1.5000000e+02
   1.7403128e+02  -3.9892913e+01   1.5000000e+02
   1.7446551e+02  -3.9560871e+01   1.5000000e+02
   1.7489972e+02  -3.9230429e+01   1.5000000e+02
   1.7533250e+02  -3.8900463e+01   1.5000000e+02
   1.7576100e+02  -3.8568714e+01   1.5000000e+02
   1.7617044e+02  -3.8224048e+01   1.5000000e+02
   1.7657229e+02  -3.7875254e+01   1.5000000e+02
   1.7696677e+02  -3.7522598e+01   1.5000000e+02
   1.7733132e+02  -3.7151436e+01   1.5000000e+02
   1.7768752e+02  -3.6776225e+01   1.5000000e+02
   1.7803450e+02  -3.6396551e+01   1.5000000e+02
   1.7833807e+02  -3.5994351e+01   1.5000000e+02
   1.7863310e+02  -3.5588741e+01   1.5000000e+02
   1.7891902e+02  -3.5179536e+01   1.5000000e+02
   1.7919759e+02  -3.4767612e+01   1.5000000e+02
   1.7944930e+02  -3.4344836e+01   1.5000000e+02
   1.7969077e+02  -3.3918411e+01   1.5000000e+02
   1.7992614e+02  -3.3490107e+01   1.5000000e+02
   1.8014771e+02  -3.3057208e+01   1.5000000e+02
   1.8035477e+02  -3.2619574e+01   1.5000000e+02
   1.8055779e+02  -3.2180935e+01   1.5000000e+02
   1.8075415e+02  -3.1740463e+01   1.5000000e+02
   1.8093561e+02  -3.1295655e+01   1.5000000e+02
   1.8111920e+02  -3.0851745e+01   1.5000000e+02
   1.8132504e+02  -3.0415503e+01   1.5000000e+02
   1.8154056e+02  -2.9982960e+01   1.5000000e+02
   1.8175967e+02  -2.9552131e+01   1.5000000e+02
   1.8197201e+02  -2.9119094e+01   1.5000000e+02
   1.8212933e+02  -2.8668763e+01   1.5000000e+02
   1.8227317e+02  -2.8215133e+01   1.5000000e+02
   1.8240060e+02  -2.7758025e+01   1.5000000e+02
   1.8249043e+02  -2.7293872e+01   1.5000000e+02
   1.8257134e+02  -2.6828477e+01   1.5000000e+02
   1.8264637e+02  -2.6362336e+01   1.5000000e+02
   1.8271190e+02  -2.5895111e+01   1.5000000e+02
   1.8276502e+02  -2.5426603e+01   1.5000000e+02
   1.8281716e+02  -2.4958027e+01   1.5000000e+02
   1.8287174e+02  -2.4489698e+01   1.5000000e+02
   1.8293054e+02  -2.4021814e+01   1.5000000e+02
   1.8300111e+02  -2.3555433e+01   1.5000000e+02
   1.8309607e+02  -2.3092654e+01   1.5000000e+02
   1.8321942e+02  -2.2635766e+01   1.5000000e+02
   1.8337377e+02  -2.2187095e+01   1.5000000e+02
   1.8362259e+02  -2.1779637e+01   1.5000000e+02
   1.8390701e+02  -2.1389987e+01   1.5000000e+02
   1.8418327e+02  -2.0995730e+01   1.5000000e+02
   1.8442747e+02  -2.0584234e+01   1.5000000e+02
   1.8465025e+02  -2.0162144e+01   1.5000000e+02
   1.8484991e+02  -1.9730562e+01   1.5000000e+02
   1.8502438e+02  -1.9289264e+01   1.5000000e+02
   1.8519075e+02  -1.8845349e+01   1.5000000e+02
   1.8535114e+02  -1.8399606e+01   1.5000000e+02
   1.8550487e+02  -1.7951891e+01   1.5000000e+02
   1.8564955e+02  -1.7501572e+01   1.5000000e+02
   1.8578134e+02  -1.7047777e+01   1.5000000e+02
   1.8584767e+02  -1.6581404e+01   1.5000000e+02
   1.8587928e+02  -1.6112040e+01   1.5000000e+02
   1.8584032e+02  -1.5642652e+01   1.5000000e+02
   1.8577500e+02  -1.5176000e+01   1.5000000e+02
   1.7354100e+02  -4.0046000e+01   2.0000000e+02
   1.7396017e+02  -3.9711486e+01   2.0000000e+02
   1.7437719e+02  -3.9376886e+01   2.0000000e+02
   1.7478936e+02  -3.9040184e+01   2.0000000e+02
   1.7519489e+02  -3.8700061e+01   2.0000000e+02
   1.7559887e+02  -3.8360206e+01   2.0000000e+02
   1.7599956e+02  -3.8019334e+01   2.0000000e+02
   1.7639490e+02  -3.7675946e+01   2.0000000e+02
   1.7678464e+02  -3.7329861e+01   2.0000000e+02
   1.7715508e+02  -3.6972039e+01   2.0000000e+02
   1.7750621e+02  -3.6602865e+01   2.0000000e+02
   1.7784817e+02  -3.6229170e+01   2.0000000e+02
   1.7815173e+02  -3.5835378e+01   2.0000000e+02
   1.7844527e+02  -3.5437318e+01   2.0000000e+02
   1.7873037e+02  -3.5035895e+01   2.0000000e+02
   1.7898791e+02  -3.4622967e+01   2.0000000e+02
   1.7922997e+02  -3.4204049e+01   2.0000000e+02
   1.7946602e+02  -3.3783250e+01   2.0000000e+02
   1.7969478e+02  -3.3360118e+01   2.0000000e+02
   1.7990968e+02  -3.2932447e+01   2.0000000e+02
   1.8010928e+02  -3.2499815e+01   2.0000000e+02
   1.8030495e+02  -3.2066218e+01   2.0000000e+02
   1.8049770e+02  -3.1631975e+01   2.0000000e+02
   1.8067653e+02  -3.1193708e+01   2.0000000e+02
   1.8085507e+02  -3.0755598e+01   2.0000000e+02
   1.8103575e+02  -3.0318393e+01   2.0000000e+02
   1.8122510e+02  -2.9884323e+01   2.0000000e+02
   1.8144278e+02  -2.9460531e+01   2.0000000e+02
   1.8164849e+02  -2.9032785e+01   2.0000000e+02
   1.8182125e+02  -2.8594092e+01   2.0000000e+02
   1.8197373e+02  -2.8150086e+01   2.0000000e+02
   1.8208192e+02  -2.7695968e+01   2.0000000e+02
   1.8217959e+02  -2.7240055e+01   2.0000000e+02
   1.8225720e+02  -2.6781264e+01   2.0000000e+02
   1.8232028e+02  -2.6320630e+01   2.0000000e+02
   1.8237967e+02  -2.5859627e+01   2.0000000e+02
   1.8243493e+02  -2.5398235e+01   2.0000000e+02
   1.8248365e+02  -2.4936251e+01   2.0000000e+02
   1.8253434e+02  -2.4474463e+01   2.0000000e+02
   1.8258813e+02  -2.4012986e+01   2.0000000e+02
   1.8266415e+02  -2.3554312e+01   2.0000000e+02
   1.8275751e+02  -2.3098226e+01   2.0000000e+02
   1.8286432e+02  -2.2644723e+01   2.0000000e+02
   1.8301046e+02  -2.2201018e+01   2.0000000e+02
   1.8319766e+02  -2.1770874e+01   2.0000000e+02
   1.8350085e+02  -2.1405259e+01   2.0000000e+02
   1.8376944e+02  -2.1014571e+01   2.0000000e+02
   1.8401906e+02  -2.0613464e+01   2.0000000e+02
   1.8423095e+02  -2.0194037e+01   2.0000000e+02
   1.8443297e+02  -1.9770582e+01   2.0000000e+02
   1.8462062e+02  -1.9341627e+01   2.0000000e+02
   1.8478992e+02  -1.8905986e+01   2.0000000e+02
   1.8495212e+02  -1.8468082e+01   2.0000000e+02
   1.8510765e+02  -1.8028133e+01   2.0000000e+02
   1.8524876e+02  -1.7584037e+01   2.0000000e+02
   1.8536999e+02  -1.7134634e+01   2.0000000e+02
   1.8545386e+02  -1.6678476e+01   2.0000000e+02
   1.8548573e+02  -1.6215448e+01   2.0000000e+02
   1.8547985e+02  -1.5751931e+01   2.0000000e+02
   1.8543400e+02  -1.5290000e+01   2.0000000e+02
   1.7352000e+02  -3.9924000e+01   2.5000000e+02
   1.7393008e+02  -3.9580957e+01   2.5000000e+02
   1.7433752e+02  -3.9237463e+01   2.5000000e+02
   1.7474222e+02  -3.8893440e+01   2.5000000e+02
   1.7513892e+02  -3.8545188e+01   2.5000000e+02
   1.7553333e+02  -3.8196673e+01   2.5000000e+02
   1.7592719e+02  -3.7849097e+01   2.5000000e+02
   1.7632201e+02  -3.7503504e+01   2.5000000e+02
   1.7671290e+02  -3.7156415e+01   2.5000000e+02
   1.7708728e+02  -3.6799319e+01   2.5000000e+02
   1.7744581e+02  -3.6432884e+01   2.5000000e+02
   1.7779354e+02  -3.6060814e+01   2.5000000e+02
   1.7809465e+02  -3.5664024e+01   2.5000000e+02
   1.7838301e+02  -3.5261637e+01   2.5000000e+02
   1.7866186e+02  -3.4855459e+01   2.5000000e+02
   1.7890946e+02  -3.4436629e+01   2.5000000e+02
   1.7914137e+02  -3.4011999e+01   2.5000000e+02
   1.7936608e+02  -3.3585135e+01   2.5000000e+02
   1.7958518e+02  -3.3156647e+01   2.5000000e+02
   1.7979830e+02  -3.2726425e+01   2.5000000e+02
   1.7998873e+02  -3.2289053e+01   2.5000000e+02
   1.8017514e+02  -3.1850726e+01   2.5000000e+02
   1.8035957e+02  -3.1412065e+01   2.5000000e+02
   1.8054052e+02  -3.0972605e+01   2.5000000e+02
   1.8071954e+02  -3.0532820e+01   2.5000000e+02
   1.8090495e+02  -3.0095280e+01   2.5000000e+02
   1.8109820e+02  -2.9660535e+01   2.5000000e+02
   1.8129418e+02  -2.9227001e+01   2.5000000e+02
   1.8148972e+02  -2.8793600e+01   2.5000000e+02
   1.8164325e+02  -2.8347661e+01   2.5000000e+02
   1.8177874e+02  -2.7897434e+01   2.5000000e+02
   1.8187185e+02  -2.7438874e+01   2.5000000e+02
   1.8195332e+02  -2.6978631e+01   2.5000000e+02
   1.8201900e+02  -2.6516545e+01   2.5000000e+02
   1.8206317e+02  -2.6052312e+01   2.5000000e+02
   1.8210392e+02  -2.5587837e+01   2.5000000e+02
   1.8214406e+02  -2.5123332e+01   2.5000000e+02
   1.8218721e+02  -2.4659058e+01   2.5000000e+02
   1.8224945e+02  -2.4196766e+01   2.5000000e+02
   1.8233285e+02  -2.3737122e+01   2.5000000e+02
   1.8243173e+02  -2.3280120e+01   2.5000000e+02
   1.8253866e+02  -2.2824713e+01   2.5000000e+02
   1.8267079e+02  -2.2375101e+01   2.5000000e+02
   1.8282311e+02  -2.1931111e+01   2.5000000e+02
   1.8304359e+02  -2.1513308e+01   2.5000000e+02
   1.8330474e+02  -2.1116437e+01   2.5000000e+02
   1.8356899e+02  -2.0721655e+01   2.5000000e+02
   1.8380460e+02  -2.0311316e+01   2.5000000e+02
   1.8401402e+02  -1.9889035e+01   2.5000000e+02
   1.8421097e+02  -1.9461618e+01   2.5000000e+02
   1.8439335e+02  -1.9028796e+01   2.5000000e+02
   1.8456024e+02  -1.8590479e+01   2.5000000e+02
   1.8472334e+02  -1.8151024e+01   2.5000000e+02
   1.8487952e+02  -1.7709445e+01   2.5000000e+02
   1.8501415e+02  -1.7262080e+01   2.5000000e+02
   1.8509490e+02  -1.6802626e+01   2.5000000e+02
   1.8514356e+02  -1.6339386e+01   2.5000000e+02
   1.8515800e+02  -1.5873702e+01   2.5000000e+02
   1.8511604e+02  -1.5410260e+01   2.5000000e+02
   1.8503500e+02  -1.4951000e+01   2.5000000e+02
   1.7479400e+02  -3.8751000e+01   3.0000000e+02
   1.7515767e+02  -3.8419423e+01   3.0000000e+02
   1.7552147e+02  -3.8089050e+01   3.0000000e+02
   1.7588642e+02  -3.7760589e+01   3.0000000e+02
   1.7625606e+02  -3.7436570e+01   3.0000000e+02
   1.7662264e+02  -3.7111496e+01   3.0000000e+02
   1.7697919e+02  -3.6780614e+01   3.0000000e+02
   1.7731866e+02  -3.6439285e+01   3.0000000e+02
   1.7764924e+02  -3.6093291e+01   3.0000000e+02
   1.7794718e+02  -3.5729635e+01   3.0000000e+02
   1.7822368e+02  -3.5355285e+01   3.0000000e+02
   1.7848950e+02  -3.4976435e+01   3.0000000e+02
   1.7871336e+02  -3.4580270e+01   3.0000000e+02
   1.7892929e+02  -3.4181520e+01   3.0000000e+02
   1.7913816e+02  -3.3780564e+01   3.0000000e+02
   1.7934230e+02  -3.3378279e+01   3.0000000e+02
   1.7953461e+02  -3.2972260e+01   3.0000000e+02
   1.7972359e+02  -3.2565427e+01   3.0000000e+02
   1.7990989e+02  -3.2157996e+01   3.0000000e+02
   1.8008574e+02  -3.1747526e+01   3.0000000e+02
   1.8025701e+02  -3.1335879e+01   3.0000000e+02
   1.8042681e+02  -3.0924012e+01   3.0000000e+02
   1.8059469e+02  -3.0511783e+01   3.0000000e+02
   1.8076303e+02  -3.0099915e+01   3.0000000e+02
   1.8092931e+02  -2.9687624e+01   3.0000000e+02
   1.8109323e+02  -2.9274830e+01   3.0000000e+02
   1.8125145e+02  -2.8860542e+01   3.0000000e+02
   1.8139656e+02  -2.8442959e+01   3.0000000e+02
   1.8150350e+02  -2.8016486e+01   3.0000000e+02
   1.8159935e+02  -2.7588042e+01   3.0000000e+02
   1.8166769e+02  -2.7155637e+01   3.0000000e+02
   1.8172153e+02  -2.6721524e+01   3.0000000e+02
   1.8175828e+02  -2.6286142e+01   3.0000000e+02
   1.8177853e+02  -2.5849758e+01   3.0000000e+02
   1.8179779e+02  -2.5413343e+01   3.0000000e+02
   1.8183180e+02  -2.4977723e+01   3.0000000e+02
   1.8187591e+02  -2.4542805e+01   3.0000000e+02
   1.8193954e+02  -2.4110174e+01   3.0000000e+02
   1.8202729e+02  -2.3680852e+01   3.0000000e+02
   1.8212344e+02  -2.3253099e+01   3.0000000e+02
   1.8222814e+02  -2.2827143e+01   3.0000000e+02
   1.8235167e+02  -2.2405540e+01   3.0000000e+02
   1.8248393e+02  -2.1986312e+01   3.0000000e+02
   1.8264666e+02  -2.1577167e+01   3.0000000e+02
   1.8284305e+02  -2.1180544e+01   3.0000000e+02
   1.8304910e+02  -2.0788470e+01   3.0000000e+02
   1.8327341e+02  -2.0405494e+01   3.0000000e+02
   1.8348655e+02  -2.0017477e+01   3.0000000e+02
   1.8367065e+02  -1.9616531e+01   3.0000000e+02
   1.8384758e+02  -1.9212907e+01   3.0000000e+02
   1.8400642e+02  -1.8802837e+01   3.0000000e+02
   1.8415583e+02  -1.8389673e+01   3.0000000e+02
   1.8429876e+02  -1.7974563e+01   3.0000000e+02
   1.8442662e+02  -1.7555233e+01   3.0000000e+02
   1.8453822e+02  -1.7131677e+01   3.0000000e+02
   1.8463092e+02  -1.6704335e+01   3.0000000e+02
   1.8467890e+02  -1.6270038e+01   3.0000000e+02
   1.8470524e+02  -1.5834067e+01   3.0000000e+02
   1.8466227e+02  -1.5400106e+01   3.0000000e+02
   1.8458400e+02  -1.4970000e+01   3.0000000e+02
   1.7586200e+02  -3.7750000e+01   3.5000000e+02
   1.7620732e+02  -3.7448613e+01   3.5000000e+02
   1.7654615e+02  -3.7143601e+01   3.5000000e+02
   1.7687916e+02  -3.6835488e+01   3.5000000e+02
   1.7718955e+02  -3.6513538e+01   3.5000000e+02
   1.7748842e+02  -3.6185287e+01   3.5000000e+02
   1.7777976e+02  -3.5853379e+01   3.5000000e+02
   1.7806023e+02  -3.5516158e+01   3.5000000e+02
   1.7829629e+02  -3.5157539e+01   3.5000000e+02
   1.7852291e+02  -3.4795308e+01   3.5000000e+02
   1.7874109e+02  -3.4429999e+01   3.5000000e+02
   1.7893934e+02  -3.4057645e+01   3.5000000e+02
   1.7911691e+02  -3.3678231e+01   3.5000000e+02
   1.7928990e+02  -3.3297599e+01   3.5000000e+02
   1.7945884e+02  -3.2915932e+01   3.5000000e+02
   1.7962539e+02  -3.2533750e+01   3.5000000e+02
   1.7979099e+02  -3.2151500e+01   3.5000000e+02
   1.7995525e+02  -3.1769043e+01   3.5000000e+02
   1.8011610e+02  -3.1385750e+01   3.5000000e+02
   1.8027145e+02  -3.1000995e+01   3.5000000e+02
   1.8042445e+02  -3.0615734e+01   3.5000000e+02
   1.8057067e+02  -3.0228740e+01   3.5000000e+02
   1.8070043e+02  -2.9837495e+01   3.5000000e+02
   1.8082598e+02  -2.9445340e+01   3.5000000e+02
   1.8094518e+02  -2.9051813e+01   3.5000000e+02
   1.8105326e+02  -2.8655915e+01   3.5000000e+02
   1.8113162e+02  -2.8254981e+01   3.5000000e+02
   1.8119318e+02  -2.7851568e+01   3.5000000e+02
   1.8124597e+02  -2.7447209e+01   3.5000000e+02
   1.8127920e+02  -2.7041319e+01   3.5000000e+02
   1.8130192e+02  -2.6634769e+01   3.5000000e+02
   1.8132188e+02  -2.6228106e+01   3.5000000e+02
   1.8133530e+02  -2.5821231e+01   3.5000000e+02
   1.8134944e+02  -2.5414381e+01   3.5000000e+02
   1.8136827e+02  -2.5007687e+01   3.5000000e+02
   1.8141730e+02  -2.4603294e+01   3.5000000e+02
   1.8148163e+02  -2.4200489e+01   3.5000000e+02
   1.8155315e+02  -2.3798720e+01   3.5000000e+02
   1.8164933e+02  -2.3401416e+01   3.5000000e+02
   1.8175641e+02  -2.3006444e+01   3.5000000e+02
   1.8186792e+02  -2.2612584e+01   3.5000000e+02
   1.8199535e+02  -2.2222954e+01   3.5000000e+02
   1.8212755e+02  -2.1834791e+01   3.5000000e+02
   1.8227238e+02  -2.1450782e+01   3.5000000e+02
   1.8243697e+02  -2.1073735e+01   3.5000000e+02
   1.8260099e+02  -2.0696630e+01   3.5000000e+02
   1.8276014e+02  -2.0317851e+01   3.5000000e+02
   1.8291444e+02  -1.9937455e+01   3.5000000e+02
   1.8306074e+02  -1.9554460e+01   3.5000000e+02
   1.8316569e+02  -1.9159640e+01   3.5000000e+02
   1.8326444e+02  -1.8763446e+01   3.5000000e+02
   1.8336210e+02  -1.8367060e+01   3.5000000e+02
   1.8345933e+02  -1.7970625e+01   3.5000000e+02
   1.8355466e+02  -1.7573823e+01   3.5000000e+02
   1.8364841e+02  -1.7176724e+01   3.5000000e+02
   1.8373717e+02  -1.6778623e+01   3.5000000e+02
   1.8381745e+02  -1.6378918e+01   3.5000000e+02
   1.8388193e+02  -1.5976650e+01   3.5000000e+02
   1.8387372e+02  -1.5570713e+01   3.5000000e+02
   1.8382900e+02  -1.5166000e+01   3.5000000e+02
   1.7642400e+02  -3.7244000e+01   4.0000000e+02
   1.7673257e+02  -3.6930323e+01   4.0000000e+02
   1.7703513e+02  -3.6613692e+01   4.0000000e+02
   1.7733193e+02  -3.6294322e+01   4.0000000e+02
   1.7760749e+02  -3.5963476e+01   4.0000000e+02
   1.7787583e+02  -3.5629377e+01   4.0000000e+02
   1.7813567e+02  -3.5291445e+01   4.0000000e+02
   1.7836404e+02  -3.4939628e+01   4.0000000e+02
   1.7857034e+02  -3.4578707e+01   4.0000000e+02
   1.7876968e+02  -3.4215474e+01   4.0000000e+02
   1.7896184e+02  -3.3849917e+01   4.0000000e+02
   1.7912586e+02  -3.3475303e+01   4.0000000e+02
   1.7928465e+02  -3.3099303e+01   4.0000000e+02
   1.7944005e+02  -3.2722510e+01   4.0000000e+02
   1.7959228e+02  -3.2344990e+01   4.0000000e+02
   1.7974219e+02  -3.1966986e+01   4.0000000e+02
   1.7989177e+02  -3.1589065e+01   4.0000000e+02
   1.8003873e+02  -3.1210568e+01   4.0000000e+02
   1.8017907e+02  -3.0830410e+01   4.0000000e+02
   1.8031099e+02  -3.0448168e+01   4.0000000e+02
   1.8042896e+02  -3.0062868e+01   4.0000000e+02
   1.8051443e+02  -2.9671086e+01   4.0000000e+02
   1.8058901e+02  -2.9277731e+01   4.0000000e+02
   1.8064327e+02  -2.8881827e+01   4.0000000e+02
   1.8069151e+02  -2.8485346e+01   4.0000000e+02
   1.8073270e+02  -2.8088262e+01   4.0000000e+02
   1.8075223e+02  -2.7690035e+01   4.0000000e+02
   1.8075883e+02  -2.7291340e+01   4.0000000e+02
   1.8076147e+02  -2.6892614e+01   4.0000000e+02
   1.8075800e+02  -2.6493887e+01   4.0000000e+02
   1.8075700e+02  -2.6095148e+01   4.0000000e+02
   1.8075831e+02  -2.5696412e+01   4.0000000e+02
   1.8078144e+02  -2.5298414e+01   4.0000000e+02
   1.8082243e+02  -2.4901414e+01   4.0000000e+02
   1.8087202e+02  -2.4505231e+01   4.0000000e+02
   1.8094867e+02  -2.4112965e+01   4.0000000e+02
   1.8104441e+02  -2.3723965e+01   4.0000000e+02
   1.8115246e+02  -2.3337812e+01   4.0000000e+02
   1.8128456e+02  -2.2958030e+01   4.0000000e+02
   1.8142077e+02  -2.2579591e+01   4.0000000e+02
   1.8156563e+02  -2.2204024e+01   4.0000000e+02
   1.8171267e+02  -2.1829308e+01   4.0000000e+02
   1.8186230e+02  -2.1455619e+01   4.0000000e+02
   1.8201429e+02  -2.1082881e+01   4.0000000e+02
   1.8216259e+02  -2.0708989e+01   4.0000000e+02
   1.8229092e+02  -2.0328824e+01   4.0000000e+02
   1.8240794e+02  -1.9945535e+01   4.0000000e+02
   1.8248397e+02  -1.9554409e+01   4.0000000e+02
   1.8251437e+02  -1.9156720e+01   4.0000000e+02
   1.8253422e+02  -1.8758438e+01   4.0000000e+02
   1.8253675e+02  -1.8359708e+01   4.0000000e+02
   1.8254282e+02  -1.7961015e+01   4.0000000e+02
   1.8258101e+02  -1.7564865e+01   4.0000000e+02
   1.8266003e+02  -1.7173325e+01   4.0000000e+02
   1.8273568e+02  -1.6781235e+01   4.0000000e+02
   1.8279861e+02  -1.6387096e+01   4.0000000e+02
   1.8283126e+02  -1.5990377e+01   4.0000000e+02
   1.8281357e+02  -1.5592101e+01   4.0000000e+02
   1.8273335e+02  -1.5202811e+01   4.0000000e+02
   1.8259000e+02  -1.4829000e+01   4.0000000e+02
   1.7700600e+02  -3.6495000e+01   4.5000000e+02
   1.7726910e+02  -3.6176321e+01   4.5000000e+02
   1.7752800e+02  -3.5855969e+01   4.5000000e+02
   1.7777570e+02  -3.5530407e+01   4.5000000e+02
   1.7801480e+02  -3.5201075e+01   4.5000000e+02
   1.7824701e+02  -3.4868923e+01   4.5000000e+02
   1.7844306e+02  -3.4521867e+01   4.5000000e+02
   1.7862957e+02  -3.4171489e+01   4.5000000e+02
   1.7880986e+02  -3.3819164e+01   4.5000000e+02
   1.7898042e+02  -3.3463822e+01   4.5000000e+02
   1.7913496e+02  -3.3103561e+01   4.5000000e+02
   1.7928531e+02  -3.2742244e+01   4.5000000e+02
   1.7943174e+02  -3.2379965e+01   4.5000000e+02
   1.7957347e+02  -3.2016521e+01   4.5000000e+02
   1.7969785e+02  -3.1648692e+01   4.5000000e+02
   1.7981802e+02  -3.1279947e+01   4.5000000e+02
   1.7993356e+02  -3.0910238e+01   4.5000000e+02
   1.8004195e+02  -3.0539040e+01   4.5000000e+02
   1.8013343e+02  -3.0164755e+01   4.5000000e+02
   1.8019936e+02  -2.9786330e+01   4.5000000e+02
   1.8023333e+02  -2.9404849e+01   4.5000000e+02
   1.8025721e+02  -2.9022696e+01   4.5000000e+02
   1.8027380e+02  -2.8640256e+01   4.5000000e+02
   1.8028207e+02  -2.8257647e+01   4.5000000e+02
   1.8027260e+02  -2.7875016e+01   4.5000000e+02
   1.8026057e+02  -2.7492442e+01   4.5000000e+02
   1.8024574e+02  -2.7109947e+01   4.5000000e+02
   1.8022403e+02  -2.6727729e+01   4.5000000e+02
   1.8020045e+02  -2.6345589e+01   4.5000000e+02
   1.8018133e+02  -2.5963255e+01   4.5000000e+02
   1.8018666e+02  -2.5580812e+01   4.5000000e+02
   1.8021167e+02  -2.5198782e+01   4.5000000e+02
   1.8025742e+02  -2.4818595e+01   4.5000000e+02
   1.8032984e+02  -2.4441591e+01   4.5000000e+02
   1.8042237e+02  -2.4068428e+01   4.5000000e+02
   1.8053108e+02  -2.3698854e+01   4.5000000e+02
   1.8064829e+02  -2.3331609e+01   4.5000000e+02
   1.8078331e+02  -2.2969596e+01   4.5000000e+02
   1.8092410e+02  -2.2609558e+01   4.5000000e+02
   1.8107613e+02  -2.2253640e+01   4.5000000e+02
   1.8123645e+02  -2.1900932e+01   4.5000000e+02
   1.8139745e+02  -2.1548643e+01   4.5000000e+02
   1.8155779e+02  -2.1196248e+01   4.5000000e+02
   1.8171675e+02  -2.0843460e+01   4.5000000e+02
   1.8187286e+02  -2.0489708e+01   4.5000000e+02
   1.8201558e+02  -2.0131182e+01   4.5000000e+02
   1.8209154e+02  -1.9756104e+01   4.5000000e+02
   1.8210511e+02  -1.9374737e+01   4.5000000e+02
   1.8207079e+02  -1.8993444e+01   4.5000000e+02
   1.8201084e+02  -1.8614955e+01   4.5000000e+02
   1.8196423e+02  -1.8235038e+01   4.5000000e+02
   1.8194249e+02  -1.7852881e+01   4.5000000e+02
   1.8193176e+02  -1.7470341e+01   4.5000000e+02
   1.8195158e+02  -1.7088090e+01   4.5000000e+02
   1.8197137e+02  -1.6705838e+01   4.5000000e+02
   1.8197274e+02  -1.6323228e+01   4.5000000e+02
   1.8185020e+02  -1.5964780e+01   4.5000000e+02
   1.8164343e+02  -1.5638137e+01   4.5000000e+02
   1.8138738e+02  -1.5347489e+01   4.5000000e+02
   1.8108500e+02  -1.5100000e+01   4.5000000e+02
   1.7758700e+02  -3.5440000e+01   5.0000000e+02
   1.7779360e+02  -3.5132069e+01   5.0000000e+02
   1.7799433e+02  -3.4821888e+01   5.0000000e+02
   1.7817932e+02  -3.4505627e+01   5.0000000e+02
   1.7834924e+02  -3.4183783e+01   5.0000000e+02
   1.7851428e+02  -3.3860439e+01   5.0000000e+02
   1.7867500e+02  -3.3535813e+01   5.0000000e+02
   1.7882627e+02  -3.3208239e+01   5.0000000e+02
   1.7897233e+02  -3.2879188e+01   5.0000000e+02
   1.7911367e+02  -3.2548851e+01   5.0000000e+02
   1.7924543e+02  -3.2215952e+01   5.0000000e+02
   1.7934387e+02  -3.1874925e+01   5.0000000e+02
   1.7943508e+02  -3.1532517e+01   5.0000000e+02
   1.7951040e+02  -3.1187469e+01   5.0000000e+02
   1.7957140e+02  -3.0840295e+01   5.0000000e+02
   1.7962520e+02  -3.0492270e+01   5.0000000e+02
   1.7965393e+02  -3.0142173e+01   5.0000000e+02
   1.7967120e+02  -2.9791402e+01   5.0000000e+02
   1.7968324e+02  -2.9440473e+01   5.0000000e+02
   1.7968846e+02  -2.9089464e+01   5.0000000e+02
   1.7967642e+02  -2.8738538e+01   5.0000000e+02
   1.7966083e+02  -2.8387715e+01   5.0000000e+02
   1.7964218e+02  -2.8037011e+01   5.0000000e+02
   1.7962109e+02  -2.7686418e+01   5.0000000e+02
   1.7959160e+02  -2.7336328e+01   5.0000000e+02
   1.7955857e+02  -2.6986468e+01   5.0000000e+02
   1.7952662e+02  -2.6636539e+01   5.0000000e+02
   1.7949768e+02  -2.6286404e+01   5.0000000e+02
   1.7948694e+02  -2.5935514e+01   5.0000000e+02
   1.7948708e+02  -2.5584431e+01   5.0000000e+02
   1.7951367e+02  -2.5234559e+01   5.0000000e+02
   1.7956796e+02  -2.4886943e+01   5.0000000e+02
   1.7963222e+02  -2.4540747e+01   5.0000000e+02
   1.7971967e+02  -2.4199215e+01   5.0000000e+02
   1.7983300e+02  -2.3863748e+01   5.0000000e+02
   1.7995377e+02  -2.3530540e+01   5.0000000e+02
   1.8009342e+02  -2.3203855e+01   5.0000000e+02
   1.8024446e+02  -2.2881452e+01   5.0000000e+02
   1.8040058e+02  -2.2561261e+01   5.0000000e+02
   1.8056153e+02  -2.2243264e+01   5.0000000e+02
   1.8073217e+02  -2.1929946e+01   5.0000000e+02
   1.8091707e+02  -2.1623723e+01   5.0000000e+02
   1.8110240e+02  -2.1317913e+01   5.0000000e+02
   1.8128297e+02  -2.1009855e+01   5.0000000e+02
   1.8145876e+02  -2.0699571e+01   5.0000000e+02
   1.8162766e+02  -2.0386126e+01   5.0000000e+02
   1.8177311e+02  -2.0062928e+01   5.0000000e+02
   1.8188996e+02  -1.9729903e+01   5.0000000e+02
   1.8190500e+02  -1.9379221e+01   5.0000000e+02
   1.8189236e+02  -1.9028424e+01   5.0000000e+02
   1.8183694e+02  -1.8681737e+01   5.0000000e+02
   1.8175383e+02  -1.8339651e+01   5.0000000e+02
   1.8162337e+02  -1.8012558e+01   5.0000000e+02
   1.8146019e+02  -1.7697695e+01   5.0000000e+02
   1.8130794e+02  -1.7378718e+01   5.0000000e+02
   1.8119353e+02  -1.7045087e+01   5.0000000e+02
   1.8102117e+02  -1.6738732e+01   5.0000000e+02
   1.8078810e+02  -1.6467965e+01   5.0000000e+02
   1.8052901e+02  -1.6220858e+01   5.0000000e+02
   1.8024500e+02  -1.6000000e+01   5.0000000e+02
   1.7787000e+02  -3.4365000e+01   5.5000000e+02
   1.7800375e+02  -3.4056235e+01   5.5000000e+02
   1.7814401e+02  -3.3749615e+01   5.5000000e+02
   1.7828991e+02  -3.3444988e+01   5.5000000e+02
   1.7844146e+02  -3.3142467e+01   5.5000000e+02
   1.7863028e+02  -3.2855350e+01   5.5000000e+02
   1.7881553e+02  -3.2566792e+01   5.5000000e+02
   1.7897204e+02  -3.2268135e+01   5.5000000e+02
   1.7903695e+02  -3.1944841e+01   5.5000000e+02
   1.7908347e+02  -3.1619280e+01   5.5000000e+02
   1.7910072e+02  -3.1291646e+01   5.5000000e+02
   1.7910988e+02  -3.0963767e+01   5.5000000e+02
   1.7910923e+02  -3.0635813e+01   5.5000000e+02
   1.7910373e+02  -3.0307868e+01   5.5000000e+02
   1.7909452e+02  -2.9979985e+01   5.5000000e+02
   1.7907826e+02  -2.9652323e+01   5.5000000e+02
   1.7905750e+02  -2.9324845e+01   5.5000000e+02
   1.7903554e+02  -2.8997427e+01   5.5000000e+02
   1.7900886e+02  -2.8670279e+01   5.5000000e+02
   1.7898170e+02  -2.8343165e+01   5.5000000e+02
   1.7895451e+02  -2.8016057e+01   5.5000000e+02
   1.7892641e+02  -2.7689019e+01   5.5000000e+02
   1.7889885e+02  -2.7361951e+01   5.5000000e+02
   1.7887244e+02  -2.7034809e+01   5.5000000e+02
   1.7884712e+02  -2.6707607e+01   5.5000000e+02
   1.7882384e+02  -2.6380287e+01   5.5000000e+02
   1.7880502e+02  -2.6052739e+01   5.5000000e+02
   1.7880467e+02  -2.5724782e+01   5.5000000e+02
   1.7881066e+02  -2.5396852e+01   5.5000000e+02
   1.7882519e+02  -2.5069140e+01   5.5000000e+02
   1.7885289e+02  -2.4742346e+01   5.5000000e+02
   1.7893007e+02  -2.4421985e+01   5.5000000e+02
   1.7901840e+02  -2.4104053e+01   5.5000000e+02
   1.7913062e+02  -2.3792788e+01   5.5000000e+02
   1.7926017e+02  -2.3487049e+01   5.5000000e+02
   1.7940053e+02  -2.3185556e+01   5.5000000e+02
   1.7956580e+02  -2.2894996e+01   5.5000000e+02
   1.7974275e+02  -2.2610686e+01   5.5000000e+02
   1.7994440e+02  -2.2340794e+01   5.5000000e+02
   1.8015312e+02  -2.2075839e+01   5.5000000e+02
   1.8037171e+02  -2.1818036e+01   5.5000000e+02
   1.8058986e+02  -2.1560201e+01   5.5000000e+02
   1.8080133e+02  -2.1297979e+01   5.5000000e+02
   1.8100057e+02  -2.1027700e+01   5.5000000e+02
   1.8119795e+02  -2.0756472e+01   5.5000000e+02
   1.8139430e+02  -2.0484808e+01   5.5000000e+02
   1.8158696e+02  -2.0211056e+01   5.5000000e+02
   1.8176362e+02  -1.9928168e+01   5.5000000e+02
   1.8188423e+02  -1.9621365e+01   5.5000000e+02
   1.8196719e+02  -1.9302978e+01   5.5000000e+02
   1.8199185e+02  -1.8978139e+01   5.5000000e+02
   1.8194145e+02  -1.8653827e+01   5.5000000e+02
   1.8182065e+02  -1.8349647e+01   5.5000000e+02
   1.8163362e+02  -1.8074097e+01   5.5000000e+02
   1.8140718e+02  -1.7827284e+01   5.5000000e+02
   1.8116358e+02  -1.7595546e+01   5.5000000e+02
   1.8089681e+02  -1.7388733e+01   5.5000000e+02
   1.8061638e+02  -1.7199446e+01   5.5000000e+02
   1.8029950e+02  -1.7076408e+01   5.5000000e+02
   1.7996900e+02  -1.6989000e+01   5.5000000e+02
   1.7884500e+02  -3.0593000e+01   6.0000000e+02
   1.7881934e+02  -3.0324834e+01   6.0000000e+02
   1.7879458e+02  -3.0056606e+01   6.0000000e+02
   1.7876893e+02  -2.9788450e+01   6.0000000e+02
   1.7874426e+02  -2.9520226e+01   6.0000000e+02
   1.7871918e+02  -2.9252037e+01   6.0000000e+02
   1.7869385e+02  -2.8983870e+01   6.0000000e+02
   1.7866919e+02  -2.8715659e+01   6.0000000e+02
   1.7864362e+02  -2.8447520e+01   6.0000000e+02
   1.7861813e+02  -2.8179381e+01   6.0000000e+02
   1.7859259e+02  -2.7911250e+01   6.0000000e+02
   1.7856710e+02  -2.7643120e+01   6.0000000e+02
   1.7854347e+02  -2.7374861e+01   6.0000000e+02
   1.7852005e+02  -2.7106591e+01   6.0000000e+02
   1.7849655e+02  -2.6838331e+01   6.0000000e+02
   1.7847512e+02  -2.6569934e+01   6.0000000e+02
   1.7845525e+02  -2.6301451e+01   6.0000000e+02
   1.7844307e+02  -2.6032594e+01   6.0000000e+02
   1.7843245e+02  -2.5763689e+01   6.0000000e+02
   1.7842636e+02  -2.5494675e+01   6.0000000e+02
   1.7842400e+02  -2.5225612e+01   6.0000000e+02
   1.7843985e+02  -2.4957267e+01   6.0000000e+02
   1.7847527e+02  -2.4690130e+01   6.0000000e+02
   1.7851766e+02  -2.4423835e+01   6.0000000e+02
   1.7857536e+02  -2.4160251e+01   6.0000000e+02
   1.7865617e+02  -2.3901500e+01   6.0000000e+02
   1.7874367e+02  -2.3644620e+01   6.0000000e+02
   1.7883770e+02  -2.3389743e+01   6.0000000e+02
   1.7895571e+02  -2.3143585e+01   6.0000000e+02
   1.7908253e+02  -2.2901171e+01   6.0000000e+02
   1.7921649e+02  -2.2662138e+01   6.0000000e+02
   1.7935918e+02  -2.2427555e+01   6.0000000e+02
   1.7954101e+02  -2.2217624e+01   6.0000000e+02
   1.7972952e+02  -2.2012931e+01   6.0000000e+02
   1.7992535e+02  -2.1814584e+01   6.0000000e+02
   1.8013147e+02  -2.1625564e+01   6.0000000e+02
   1.8033747e+02  -2.1436663e+01   6.0000000e+02
   1.8053474e+02  -2.1240346e+01   6.0000000e+02
   1.8072128e+02  -2.1035087e+01   6.0000000e+02
   1.8090486e+02  -2.0827721e+01   6.0000000e+02
   1.8108407e+02  -2.0617235e+01   6.0000000e+02
   1.8126064e+02  -2.0404975e+01   6.0000000e+02
   1.8143464e+02  -2.0191037e+01   6.0000000e+02
   1.8160464e+02  -1.9974456e+01   6.0000000e+02
   1.8176488e+02  -1.9751678e+01   6.0000000e+02
   1.8191077e+02  -1.9520367e+01   6.0000000e+02
   1.8201575e+02  -1.9271359e+01   6.0000000e+02
   1.8207879e+02  -1.9009070e+01   6.0000000e+02
   1.8208500e+02  -1.8742789e+01   6.0000000e+02
   1.8200908e+02  -1.8483735e+01   6.0000000e+02
   1.8187393e+02  -1.8250950e+01   6.0000000e+02
   1.8166813e+02  -1.8066399e+01   6.0000000e+02
   1.8143815e+02  -1.7909977e+01   6.0000000e+02
   1.8117489e+02  -1.7817436e+01   6.0000000e+02
   1.8089882e+02  -1.7760221e+01   6.0000000e+02
   1.8061924e+02  -1.7721527e+01   6.0000000e+02
   1.8033939e+02  -1.7685105e+01   6.0000000e+02
   1.8005972e+02  -1.7647816e+01   6.0000000e+02
   1.7978366e+02  -1.7591902e+01   6.0000000e+02
   1.7950900e+02  -1.7530000e+01   6.0000000e+02
   1.7858700e+02  -2.8963000e+01   6.5000000e+02
   1.7855462e+02  -2.8727545e+01   6.5000000e+02
   1.7852258e+02  -2.8492062e+01   6.5000000e+02
   1.7849192e+02  -2.8256446e+01   6.5000000e+02
   1.7846224e+02  -2.8020736e+01   6.5000000e+02
   1.7843356e+02  -2.7784941e+01   6.5000000e+02
   1.7840607e+02  -2.7549038e+01   6.5000000e+02
   1.7838002e+02  -2.7313013e+01   6.5000000e+02
   1.7835739e+02  -2.7076731e+01   6.5000000e+02
   1.7833876e+02  -2.6840159e+01   6.5000000e+02
   1.7832134e+02  -2.6603514e+01   6.5000000e+02
   1.7830557e+02  -2.6366780e+01   6.5000000e+02
   1.7829153e+02  -2.6129957e+01   6.5000000e+02
   1.7828019e+02  -2.5893018e+01   6.5000000e+02
   1.7828142e+02  -2.5655895e+01   6.5000000e+02
   1.7828725e+02  -2.5418803e+01   6.5000000e+02
   1.7829533e+02  -2.5181765e+01   6.5000000e+02
   1.7830771e+02  -2.4944876e+01   6.5000000e+02
   1.7832376e+02  -2.4708169e+01   6.5000000e+02
   1.7834366e+02  -2.4471706e+01   6.5000000e+02
   1.7839652e+02  -2.4239521e+01   6.5000000e+02
   1.7845413e+02  -2.4008273e+01   6.5000000e+02
   1.7851681e+02  -2.3778153e+01   6.5000000e+02
   1.7858409e+02  -2.3549143e+01   6.5000000e+02
   1.7865629e+02  -2.3321432e+01   6.5000000e+02
   1.7873570e+02  -2.3095912e+01   6.5000000e+02
   1.7883842e+02  -2.2878425e+01   6.5000000e+02
   1.7894754e+02  -2.2663674e+01   6.5000000e+02
   1.7906292e+02  -2.2451821e+01   6.5000000e+02
   1.7918578e+02  -2.2243668e+01   6.5000000e+02
   1.7934533e+02  -2.2058390e+01   6.5000000e+02
   1.7951304e+02  -2.1879363e+01   6.5000000e+02
   1.7968625e+02  -2.1705105e+01   6.5000000e+02
   1.7987018e+02  -2.1541146e+01   6.5000000e+02
   1.8006338e+02  -2.1386495e+01   6.5000000e+02
   1.8023865e+02  -2.1215311e+01   6.5000000e+02
   1.8039910e+02  -2.1031357e+01   6.5000000e+02
   1.8055542e+02  -2.0844474e+01   6.5000000e+02
   1.8070728e+02  -2.0654540e+01   6.5000000e+02
   1.8085588e+02  -2.0462502e+01   6.5000000e+02
   1.8100019e+02  -2.0267722e+01   6.5000000e+02
   1.8114168e+02  -2.0071247e+01   6.5000000e+02
   1.8128059e+02  -1.9873267e+01   6.5000000e+02
   1.8141204e+02  -1.9670999e+01   6.5000000e+02
   1.8153409e+02  -1.9463612e+01   6.5000000e+02
   1.8164501e+02  -1.9250844e+01   6.5000000e+02
   1.8172214e+02  -1.9026157e+01   6.5000000e+02
   1.8175285e+02  -1.8791180e+01   6.5000000e+02
   1.8170081e+02  -1.8565764e+01   6.5000000e+02
   1.8153898e+02  -1.8385632e+01   6.5000000e+02
   1.8135332e+02  -1.8227061e+01   6.5000000e+02
   1.8113965e+02  -1.8106788e+01   6.5000000e+02
   1.8091098e+02  -1.8012132e+01   6.5000000e+02
   1.8067680e+02  -1.7930855e+01   6.5000000e+02
   1.8043346e+02  -1.7882816e+01   6.5000000e+02
   1.8018621e+02  -1.7853439e+01   6.5000000e+02
   1.7993833e+02  -1.7829694e+01   6.5000000e+02
   1.7969004e+02  -1.7810487e+01   6.5000000e+02
   1.7944156e+02  -1.7794036e+01   6.5000000e+02
   1.7919300e+02  -1.7779000e+01   6.5000000e+02
   1.7820600e+02  -2.6656000e+01   7.0000000e+02
   1.7819159e+02  -2.6477156e+01   7.0000000e+02
   1.7817918e+02  -2.6298193e+01   7.0000000e+02
   1.7816817e+02  -2.6119161e+01   7.0000000e+02
   1.7815988e+02  -2.5940007e+01   7.0000000e+02
   1.7815231e+02  -2.5760834e+01   7.0000000e+02
   1.7814716e+02  -2.5581589e+01   7.0000000e+02
   1.7815198e+02  -2.5402405e+01   7.0000000e+02
   1.7816189e+02  -2.5223322e+01   7.0000000e+02
   1.7817395e+02  -2.5044348e+01   7.0000000e+02
   1.7818717e+02  -2.4865444e+01   7.0000000e+02
   1.7820353e+02  -2.4686753e+01   7.0000000e+02
   1.7822115e+02  -2.4508163e+01   7.0000000e+02
   1.7824190e+02  -2.4329854e+01   7.0000000e+02
   1.7827171e+02  -2.4152806e+01   7.0000000e+02
   1.7831135e+02  -2.3977192e+01   7.0000000e+02
   1.7835412e+02  -2.3802209e+01   7.0000000e+02
   1.7839902e+02  -2.3627692e+01   7.0000000e+02
   1.7844593e+02  -2.3453621e+01   7.0000000e+02
   1.7849685e+02  -2.3280512e+01   7.0000000e+02
   1.7855003e+02  -2.3108006e+01   7.0000000e+02
   1.7860615e+02  -2.2936301e+01   7.0000000e+02
   1.7866933e+02  -2.2766894e+01   7.0000000e+02
   1.7875370e+02  -2.2605370e+01   7.0000000e+02
   1.7884188e+02  -2.2445636e+01   7.0000000e+02
   1.7893349e+02  -2.2287616e+01   7.0000000e+02
   1.7902975e+02  -2.2132026e+01   7.0000000e+02
   1.7913449e+02  -2.1981699e+01   7.0000000e+02
   1.7926159e+02  -2.1846628e+01   7.0000000e+02
   1.7939179e+02  -2.1714215e+01   7.0000000e+02
   1.7952414e+02  -2.1583770e+01   7.0000000e+02
   1.7965838e+02  -2.1455111e+01   7.0000000e+02
   1.7979484e+02  -2.1328589e+01   7.0000000e+02
   1.7993060e+02  -2.1201536e+01   7.0000000e+02
   1.8006368e+02  -2.1072139e+01   7.0000000e+02
   1.8017412e+02  -2.0925665e+01   7.0000000e+02
   1.8027817e+02  -2.0775013e+01   7.0000000e+02
   1.8037717e+02  -2.0621483e+01   7.0000000e+02
   1.8047243e+02  -2.0465940e+01   7.0000000e+02
   1.8056385e+02  -2.0308451e+01   7.0000000e+02
   1.8064252e+02  -2.0145289e+01   7.0000000e+02
   1.8071001e+02  -1.9977565e+01   7.0000000e+02
   1.8077137e+02  -1.9807800e+01   7.0000000e+02
   1.8082647e+02  -1.9636165e+01   7.0000000e+02
   1.8085651e+02  -1.9459807e+01   7.0000000e+02
   1.8086400e+02  -1.9280654e+01   7.0000000e+02
   1.8086057e+02  -1.9101401e+01   7.0000000e+02
   1.8084709e+02  -1.8922574e+01   7.0000000e+02
   1.8080486e+02  -1.8748763e+01   7.0000000e+02
   1.8073447e+02  -1.8582430e+01   7.0000000e+02
   1.8064567e+02  -1.8424286e+01   7.0000000e+02
   1.8050319e+02  -1.8308184e+01   7.0000000e+02
   1.8034347e+02  -1.8212824e+01   7.0000000e+02
   1.8016403e+02  -1.8161595e+01   7.0000000e+02
   1.7997785e+02  -1.8132550e+01   7.0000000e+02
   1.7979027e+02  -1.8113593e+01   7.0000000e+02
   1.7960184e+02  -1.8104808e+01   7.0000000e+02
   1.7941325e+02  -1.8100961e+01   7.0000000e+02
   1.7922462e+02  -1.8100025e+01   7.0000000e+02
   1.7903600e+02  -1.8103000e+01   7.0000000e+02
