   1.5641300e+02  -9.3410000e+00   0.0000000e+00
   1.5684337e+02  -9.4465156e+00   0.0000000e+00
   1.5726902e+02  -9.5701518e+00   0.0000000e+00
   1.5769937e+02  -9.6775061e+00   0.0000000e+00
   1.5813028e+02  -9.7831653e+00   0.0000000e+00
   1.5856058e+02  -9.8917299e+00   0.0000000e+00
   1.5898469e+02  -1.0021598e+01   0.0000000e+00
   1.5940443e+02  -1.0165736e+01   0.0000000e+00
   1.5982436e+02  -1.0309833e+01   0.0000000e+00
   1.6023095e+02  -1.0487488e+01   0.0000000e+00
   1.6061685e+02  -1.0703898e+01   0.0000000e+00
   1.6098320e+02  -1.0953036e+01   0.0000000e+00
   1.6135805e+02  -1.1190046e+01   0.0000000e+00
   1.6176041e+02  -1.1375891e+01   0.0000000e+00
   1.6219960e+02  -1.1441682e+01   0.0000000e+00
   1.6264492e+02  -1.1423008e+01   0.0000000e+00
   1.6308656e+02  -1.1360230e+01   0.0000000e+00
   1.6352431e+02  -1.1274840e+01   0.0000000e+00
   1.6396032e+02  -1.1181913e+01   0.0000000e+00
   1.6440413e+02  -1.1140488e+01   0.0000000e+00
   1.6484000e+02  -1.1229828e+01   0.0000000e+00
   1.6523161e+02  -1.1434153e+01   0.0000000e+00
   1.6552801e+02  -1.1758452e+01   0.0000000e+00
   1.6572611e+02  -1.2148749e+01   0.0000000e+00
   1.6587959e+02  -1.2559875e+01   0.0000000e+00
   1.6601748e+02  -1.2976336e+01   0.0000000e+00
   1.6611088e+02  -1.3404413e+01   0.0000000e+00
   1.6617414e+02  -1.3837704e+01   0.0000000e+00
   1.6623431e+02  -1.4271457e+01   0.0000000e+00
   1.6629998e+02  -1.4704471e+01   0.0000000e+00
   1.6637431e+02  -1.5136188e+01   0.0000000e+00
   1.6646415e+02  -1.5564984e+01   0.0000000e+00
   1.6657859e+02  -1.5988550e+01   0.0000000e+00
   1.6671499e+02  -1.6405966e+01   0.0000000e+00
   1.6686661e+02  -1.6818795e+01   0.0000000e+00
   1.6702811e+02  -1.7228273e+01   0.0000000e+00
   1.6719521e+02  -1.7635866e+01   0.0000000e+00
   1.6736767e+02  -1.8041570e+01   0.0000000e+00
   1.6754079e+02  -1.8447175e+01   0.0000000e+00
   1.6771332e+02  -1.8853157e+01   0.0000000e+00
   1.6788556e+02  -1.9259407e+01   0.0000000e+00
   1.6805981e+02  -1.9665059e+01   0.0000000e+00
   1.6824773e+02  -2.0065444e+01   0.0000000e+00
   1.6844176e+02  -2.0463447e+01   0.0000000e+00
   1.6865671e+02  -2.0851776e+01   0.0000000e+00
   1.6890024e+02  -2.1225759e+01   0.0000000e+00
   1.6915851e+02  -2.1591326e+01   0.0000000e+00
   1.6946024e+02  -2.1927473e+01   0.0000000e+00
   1.6977689e+02  -2.2252148e+01   0.0000000e+00
   1.7013367e+02  -2.2539720e+01   0.0000000e+00
   1.7050714e+02  -2.2809444e+01   0.0000000e+00
   1.7092365e+02  -2.3019352e+01   0.0000000e+00
   1.7137682e+02  -2.3145965e+01   0.0000000e+00
   1.7184928e+02  -2.3187000e+01   0.0000000e+00
   1.7232238e+02  -2.3149693e+01   0.0000000e+00
   1.7278639e+02  -2.3052936e+01   0.0000000e+00
   1.7324608e+02  -2.2941204e+01   0.0000000e+00
   1.7370308e+02  -2.2821767e+01   0.0000000e+00
   1.7416727e+02  -2.2734441e+01   0.0000000e+00
   1.7464100e+02  -2.2717000e+01   0.0000000e+00
   1.5677100e+02  -8.6660000e+00   5.0000000e+01
   1.5720733e+02  -8.6902561e+00   5.0000000e+01
   1.5764200e+02  -8.7335009e+00   5.0000000e+01
   1.5807020e+02  -8.8203787e+00   5.0000000e+01
   1.5849546e+02  -8.9208944e+00   5.0000000e+01
   1.5891003e+02  -9.0579042e+00   5.0000000e+01
   1.5931874e+02  -9.2122507e+00   5.0000000e+01
   1.5971796e+02  -9.3892914e+00   5.0000000e+01
   1.6011080e+02  -9.5803996e+00   5.0000000e+01
   1.6049676e+02  -9.7848899e+00   5.0000000e+01
   1.6087140e+02  -1.0009462e+01   5.0000000e+01
   1.6122483e+02  -1.0263714e+01   5.0000000e+01
   1.6154098e+02  -1.0563637e+01   5.0000000e+01
   1.6183628e+02  -1.0883285e+01   5.0000000e+01
   1.6223415e+02  -1.1030478e+01   5.0000000e+01
   1.6267267e+02  -1.0995596e+01   5.0000000e+01
   1.6310815e+02  -1.0933476e+01   5.0000000e+01
   1.6354096e+02  -1.0856353e+01   5.0000000e+01
   1.6396967e+02  -1.0759764e+01   5.0000000e+01
   1.6439376e+02  -1.0645992e+01   5.0000000e+01
   1.6482380e+02  -1.0559662e+01   5.0000000e+01
   1.6525518e+02  -1.0621217e+01   5.0000000e+01
   1.6559717e+02  -1.0887645e+01   5.0000000e+01
   1.6586686e+02  -1.1227634e+01   5.0000000e+01
   1.6605179e+02  -1.1619698e+01   5.0000000e+01
   1.6621295e+02  -1.2021874e+01   5.0000000e+01
   1.6634838e+02  -1.2433119e+01   5.0000000e+01
   1.6647300e+02  -1.2847694e+01   5.0000000e+01
   1.6656883e+02  -1.3269357e+01   5.0000000e+01
   1.6665327e+02  -1.3693524e+01   5.0000000e+01
   1.6673756e+02  -1.4117743e+01   5.0000000e+01
   1.6683441e+02  -1.4539464e+01   5.0000000e+01
   1.6694611e+02  -1.4957587e+01   5.0000000e+01
   1.6707929e+02  -1.5370062e+01   5.0000000e+01
   1.6721857e+02  -1.5780748e+01   5.0000000e+01
   1.6736945e+02  -1.6187707e+01   5.0000000e+01
   1.6752301e+02  -1.6593860e+01   5.0000000e+01
   1.6767917e+02  -1.6999214e+01   5.0000000e+01
   1.6783937e+02  -1.7403251e+01   5.0000000e+01
   1.6800602e+02  -1.7804990e+01   5.0000000e+01
   1.6818445e+02  -1.8202316e+01   5.0000000e+01
   1.6836728e+02  -1.8597982e+01   5.0000000e+01
   1.6856343e+02  -1.8988090e+01   5.0000000e+01
   1.6876242e+02  -1.9377120e+01   5.0000000e+01
   1.6896023e+02  -1.9766890e+01   5.0000000e+01
   1.6916046e+02  -2.0155783e+01   5.0000000e+01
   1.6936842e+02  -2.0541321e+01   5.0000000e+01
   1.6961056e+02  -2.0908784e+01   5.0000000e+01
   1.6987471e+02  -2.1263593e+01   5.0000000e+01
   1.7017040e+02  -2.1596141e+01   5.0000000e+01
   1.7048851e+02  -2.1911292e+01   5.0000000e+01
   1.7084062e+02  -2.2194247e+01   5.0000000e+01
   1.7124283e+02  -2.2404646e+01   5.0000000e+01
   1.7169969e+02  -2.2488466e+01   5.0000000e+01
   1.7216711e+02  -2.2496066e+01   5.0000000e+01
   1.7262996e+02  -2.2439826e+01   5.0000000e+01
   1.7308888e+02  -2.2358423e+01   5.0000000e+01
   1.7354531e+02  -2.2266938e+01   5.0000000e+01
   1.7400262e+02  -2.2180897e+01   5.0000000e+01
   1.7446200e+02  -2.2106000e+01   5.0000000e+01
   1.5697300e+02  -8.3440000e+00   1.0000000e+02
   1.5739669e+02  -8.4001028e+00   1.0000000e+02
   1.5781473e+02  -8.4863583e+00   1.0000000e+02
   1.5822599e+02  -8.6023387e+00   1.0000000e+02
   1.5863348e+02  -8.7311088e+00   1.0000000e+02
   1.5903428e+02  -8.8783750e+00   1.0000000e+02
   1.5942243e+02  -9.0568817e+00   1.0000000e+02
   1.5980752e+02  -9.2421330e+00   1.0000000e+02
   1.6018916e+02  -9.4346126e+00   1.0000000e+02
   1.6056779e+02  -9.6332049e+00   1.0000000e+02
   1.6094356e+02  -9.8374087e+00   1.0000000e+02
   1.6130387e+02  -1.0067417e+01   1.0000000e+02
   1.6166528e+02  -1.0296152e+01   1.0000000e+02
   1.6204608e+02  -1.0492334e+01   1.0000000e+02
   1.6246239e+02  -1.0578747e+01   1.0000000e+02
   1.6289211e+02  -1.0575026e+01   1.0000000e+02
   1.6332087e+02  -1.0540513e+01   1.0000000e+02
   1.6374798e+02  -1.0490486e+01   1.0000000e+02
   1.6417369e+02  -1.0430449e+01   1.0000000e+02
   1.6459437e+02  -1.0343768e+01   1.0000000e+02
   1.6501503e+02  -1.0256856e+01   1.0000000e+02
   1.6544134e+02  -1.0246083e+01   1.0000000e+02
   1.6579869e+02  -1.0471058e+01   1.0000000e+02
   1.6605283e+02  -1.0807860e+01   1.0000000e+02
   1.6622375e+02  -1.1195943e+01   1.0000000e+02
   1.6635839e+02  -1.1597446e+01   1.0000000e+02
   1.6647389e+02  -1.2004987e+01   1.0000000e+02
   1.6658638e+02  -1.2413364e+01   1.0000000e+02
   1.6671278e+02  -1.2817908e+01   1.0000000e+02
   1.6683664e+02  -1.3223227e+01   1.0000000e+02
   1.6694965e+02  -1.3631616e+01   1.0000000e+02
   1.6703897e+02  -1.4045273e+01   1.0000000e+02
   1.6711301e+02  -1.4462067e+01   1.0000000e+02
   1.6720841e+02  -1.4874366e+01   1.0000000e+02
   1.6733417e+02  -1.5279487e+01   1.0000000e+02
   1.6747292e+02  -1.5680611e+01   1.0000000e+02
   1.6762928e+02  -1.6075901e+01   1.0000000e+02
   1.6779055e+02  -1.6469472e+01   1.0000000e+02
   1.6795580e+02  -1.6861657e+01   1.0000000e+02
   1.6812404e+02  -1.7252809e+01   1.0000000e+02
   1.6829590e+02  -1.7642646e+01   1.0000000e+02
   1.6847823e+02  -1.8028320e+01   1.0000000e+02
   1.6866271e+02  -1.8413243e+01   1.0000000e+02
   1.6884605e+02  -1.8798830e+01   1.0000000e+02
   1.6903018e+02  -1.9184259e+01   1.0000000e+02
   1.6921651e+02  -1.9568933e+01   1.0000000e+02
   1.6941051e+02  -1.9950345e+01   1.0000000e+02
   1.6962422e+02  -2.0322653e+01   1.0000000e+02
   1.6984453e+02  -2.0691812e+01   1.0000000e+02
   1.7008570e+02  -2.1049687e+01   1.0000000e+02
   1.7035584e+02  -2.1388301e+01   1.0000000e+02
   1.7068105e+02  -2.1683756e+01   1.0000000e+02
   1.7104495e+02  -2.1935974e+01   1.0000000e+02
   1.7145387e+02  -2.2119380e+01   1.0000000e+02
   1.7190233e+02  -2.2198187e+01   1.0000000e+02
   1.7235721e+02  -2.2212320e+01   1.0000000e+02
   1.7281171e+02  -2.2170588e+01   1.0000000e+02
   1.7326491e+02  -2.2119067e+01   1.0000000e+02
   1.7371773e+02  -2.2065816e+01   1.0000000e+02
   1.7417000e+02  -2.2010000e+01   1.0000000e+02
   1.6591900e+02  -1.0177000e+01   1.5000000e+02
   1.6605841e+02  -1.0367082e+01   1.5000000e+02
   1.6619085e+02  -1.0561986e+01   1.5000000e+02
   1.6631416e+02  -1.0762419e+01   1.5000000e+02
   1.6641288e+02  -1.0975840e+01   1.5000000e+02
   1.6650437e+02  -1.1192362e+01   1.5000000e+02
   1.6658497e+02  -1.1412741e+01   1.5000000e+02
   1.6664700e+02  -1.1639143e+01   1.5000000e+02
   1.6670578e+02  -1.1866387e+01   1.5000000e+02
   1.6676146e+02  -1.2094393e+01   1.5000000e+02
   1.6681596e+02  -1.2322679e+01   1.5000000e+02
   1.6687258e+02  -1.2550462e+01   1.5000000e+02
   1.6693315e+02  -1.2777311e+01   1.5000000e+02
   1.6699347e+02  -1.3004237e+01   1.5000000e+02
   1.6705116e+02  -1.3231812e+01   1.5000000e+02
   1.6710598e+02  -1.3460080e+01   1.5000000e+02
   1.6715886e+02  -1.3688792e+01   1.5000000e+02
   1.6721051e+02  -1.3917783e+01   1.5000000e+02
   1.6725041e+02  -1.4148901e+01   1.5000000e+02
   1.6728685e+02  -1.4380646e+01   1.5000000e+02
   1.6732677e+02  -1.4611854e+01   1.5000000e+02
   1.6737729e+02  -1.4840747e+01   1.5000000e+02
   1.6745934e+02  -1.5061345e+01   1.5000000e+02
   1.6754663e+02  -1.5280080e+01   1.5000000e+02
   1.6764327e+02  -1.5495187e+01   1.5000000e+02
   1.6774126e+02  -1.5709768e+01   1.5000000e+02
   1.6783841e+02  -1.5924724e+01   1.5000000e+02
   1.6793100e+02  -1.6141595e+01   1.5000000e+02
   1.6802325e+02  -1.6358643e+01   1.5000000e+02
   1.6811481e+02  -1.6575995e+01   1.5000000e+02
   1.6820729e+02  -1.6793032e+01   1.5000000e+02
   1.6829958e+02  -1.7010184e+01   1.5000000e+02
   1.6839224e+02  -1.7227233e+01   1.5000000e+02
   1.6848457e+02  -1.7444455e+01   1.5000000e+02
   1.6857953e+02  -1.7660660e+01   1.5000000e+02
   1.6868066e+02  -1.7874384e+01   1.5000000e+02
   1.6878180e+02  -1.8088153e+01   1.5000000e+02
   1.6888390e+02  -1.8301566e+01   1.5000000e+02
   1.6898617e+02  -1.8514961e+01   1.5000000e+02
   1.6908826e+02  -1.8728487e+01   1.5000000e+02
   1.6918600e+02  -1.8943870e+01   1.5000000e+02
   1.6928392e+02  -1.9159244e+01   1.5000000e+02
   1.6938192e+02  -1.9374636e+01   1.5000000e+02
   1.6948213e+02  -1.9589170e+01   1.5000000e+02
   1.6958345e+02  -1.9803301e+01   1.5000000e+02
   1.6968959e+02  -2.0015333e+01   1.5000000e+02
   1.6981392e+02  -2.0218613e+01   1.5000000e+02
   1.6994238e+02  -2.0419711e+01   1.5000000e+02
   1.7007387e+02  -2.0619171e+01   1.5000000e+02
   1.7020862e+02  -2.0816821e+01   1.5000000e+02
   1.7035507e+02  -2.1007104e+01   1.5000000e+02
   1.7050768e+02  -2.1193324e+01   1.5000000e+02
   1.7067171e+02  -2.1370660e+01   1.5000000e+02
   1.7085475e+02  -2.1531646e+01   1.5000000e+02
   1.7104703e+02  -2.1683214e+01   1.5000000e+02
   1.7126645e+02  -2.1796877e+01   1.5000000e+02
   1.7149939e+02  -2.1887307e+01   1.5000000e+02
   1.7173989e+02  -2.1957460e+01   1.5000000e+02
   1.7199009e+02  -2.1990552e+01   1.5000000e+02
   1.7224200e+02  -2.2010000e+01   1.5000000e+02
   1.6641300e+02  -1.0466000e+01   2.0000000e+02
   1.6649810e+02  -1.0642598e+01   2.0000000e+02
   1.6658004e+02  -1.0820659e+01   2.0000000e+02
   1.6665924e+02  -1.0999931e+01   2.0000000e+02
   1.6673574e+02  -1.1180350e+01   2.0000000e+02
   1.6680053e+02  -1.1364945e+01   2.0000000e+02
   1.6685545e+02  -1.1552801e+01   2.0000000e+02
   1.6690944e+02  -1.1740923e+01   2.0000000e+02
   1.6696006e+02  -1.1929953e+01   2.0000000e+02
   1.6700980e+02  -1.2119208e+01   2.0000000e+02
   1.6705551e+02  -1.2309419e+01   2.0000000e+02
   1.6709737e+02  -1.2500513e+01   2.0000000e+02
   1.6713865e+02  -1.2691731e+01   2.0000000e+02
   1.6717968e+02  -1.2883007e+01   2.0000000e+02
   1.6722002e+02  -1.3074430e+01   2.0000000e+02
   1.6725914e+02  -1.3266098e+01   2.0000000e+02
   1.6729942e+02  -1.3457546e+01   2.0000000e+02
   1.6733900e+02  -1.3649137e+01   2.0000000e+02
   1.6737851e+02  -1.3840751e+01   2.0000000e+02
   1.6741919e+02  -1.4032136e+01   2.0000000e+02
   1.6746143e+02  -1.4223206e+01   2.0000000e+02
   1.6750561e+02  -1.4413878e+01   2.0000000e+02
   1.6755205e+02  -1.4604047e+01   2.0000000e+02
   1.6761552e+02  -1.4789433e+01   2.0000000e+02
   1.6768465e+02  -1.4973071e+01   2.0000000e+02
   1.6775595e+02  -1.5155960e+01   2.0000000e+02
   1.6783208e+02  -1.5337028e+01   2.0000000e+02
   1.6791040e+02  -1.5517271e+01   2.0000000e+02
   1.6798983e+02  -1.5697088e+01   2.0000000e+02
   1.6807004e+02  -1.5876618e+01   2.0000000e+02
   1.6815001e+02  -1.6056275e+01   2.0000000e+02
   1.6822855e+02  -1.6236526e+01   2.0000000e+02
   1.6830539e+02  -1.6417494e+01   2.0000000e+02
   1.6838265e+02  -1.6598329e+01   2.0000000e+02
   1.6845955e+02  -1.6779330e+01   2.0000000e+02
   1.6853651e+02  -1.6960336e+01   2.0000000e+02
   1.6861460e+02  -1.7140928e+01   2.0000000e+02
   1.6869276e+02  -1.7321527e+01   2.0000000e+02
   1.6877178e+02  -1.7501807e+01   2.0000000e+02
   1.6885225e+02  -1.7681507e+01   2.0000000e+02
   1.6894211e+02  -1.7857190e+01   2.0000000e+02
   1.6903174e+02  -1.8033024e+01   2.0000000e+02
   1.6912143e+02  -1.8208863e+01   2.0000000e+02
   1.6921179e+02  -1.8384441e+01   2.0000000e+02
   1.6930043e+02  -1.8560853e+01   2.0000000e+02
   1.6938125e+02  -1.8740571e+01   2.0000000e+02
   1.6945832e+02  -1.8921859e+01   2.0000000e+02
   1.6953620e+02  -1.9102875e+01   2.0000000e+02
   1.6961446e+02  -1.9283773e+01   2.0000000e+02
   1.6970227e+02  -1.9460683e+01   2.0000000e+02
   1.6979404e+02  -1.9635917e+01   2.0000000e+02
   1.6988867e+02  -1.9809849e+01   2.0000000e+02
   1.6998454e+02  -1.9983233e+01   2.0000000e+02
   1.7008819e+02  -2.0152608e+01   2.0000000e+02
   1.7019662e+02  -2.0319450e+01   2.0000000e+02
   1.7030639e+02  -2.0485588e+01   2.0000000e+02
   1.7041775e+02  -2.0650867e+01   2.0000000e+02
   1.7053045e+02  -2.0815422e+01   2.0000000e+02
   1.7064526e+02  -2.0978768e+01   2.0000000e+02
   1.7076200e+02  -2.1141000e+01   2.0000000e+02
   1.6701800e+02  -1.1334000e+01   2.5000000e+02
   1.6705910e+02  -1.1478721e+01   2.5000000e+02
   1.6709902e+02  -1.1623768e+01   2.5000000e+02
   1.6713874e+02  -1.1768872e+01   2.5000000e+02
   1.6717704e+02  -1.1914346e+01   2.5000000e+02
   1.6721568e+02  -1.2059729e+01   2.5000000e+02
   1.6725376e+02  -1.2205269e+01   2.5000000e+02
   1.6729005e+02  -1.2351231e+01   2.5000000e+02
   1.6731936e+02  -1.2498705e+01   2.5000000e+02
   1.6734821e+02  -1.2646267e+01   2.5000000e+02
   1.6737681e+02  -1.2793880e+01   2.5000000e+02
   1.6740541e+02  -1.2941496e+01   2.5000000e+02
   1.6743308e+02  -1.3089285e+01   2.5000000e+02
   1.6746076e+02  -1.3237074e+01   2.5000000e+02
   1.6748941e+02  -1.3384688e+01   2.5000000e+02
   1.6751709e+02  -1.3532483e+01   2.5000000e+02
   1.6754543e+02  -1.3680160e+01   2.5000000e+02
   1.6757377e+02  -1.3827841e+01   2.5000000e+02
   1.6760572e+02  -1.3974821e+01   2.5000000e+02
   1.6764018e+02  -1.4121281e+01   2.5000000e+02
   1.6767479e+02  -1.4267714e+01   2.5000000e+02
   1.6771106e+02  -1.4413769e+01   2.5000000e+02
   1.6774895e+02  -1.4559448e+01   2.5000000e+02
   1.6779430e+02  -1.4702919e+01   2.5000000e+02
   1.6784910e+02  -1.4843487e+01   2.5000000e+02
   1.6790552e+02  -1.4983470e+01   2.5000000e+02
   1.6796296e+02  -1.5123082e+01   2.5000000e+02
   1.6802115e+02  -1.5262419e+01   2.5000000e+02
   1.6807979e+02  -1.5401594e+01   2.5000000e+02
   1.6813849e+02  -1.5540757e+01   2.5000000e+02
   1.6819623e+02  -1.5680290e+01   2.5000000e+02
   1.6825259e+02  -1.5820377e+01   2.5000000e+02
   1.6830807e+02  -1.5960805e+01   2.5000000e+02
   1.6836412e+02  -1.6101042e+01   2.5000000e+02
   1.6842010e+02  -1.6241315e+01   2.5000000e+02
   1.6847620e+02  -1.6381558e+01   2.5000000e+02
   1.6853276e+02  -1.6521650e+01   2.5000000e+02
   1.6858923e+02  -1.6661789e+01   2.5000000e+02
   1.6864646e+02  -1.6801662e+01   2.5000000e+02
   1.6870726e+02  -1.6940159e+01   2.5000000e+02
   1.6876840e+02  -1.7078544e+01   2.5000000e+02
   1.6882920e+02  -1.7217081e+01   2.5000000e+02
   1.6889116e+02  -1.7355167e+01   2.5000000e+02
   1.6895401e+02  -1.7492904e+01   2.5000000e+02
   1.6901699e+02  -1.7630605e+01   2.5000000e+02
   1.6908067e+02  -1.7768035e+01   2.5000000e+02
   1.6914475e+02  -1.7905321e+01   2.5000000e+02
   1.6921405e+02  -1.8040278e+01   2.5000000e+02
   1.6928564e+02  -1.8174207e+01   2.5000000e+02
   1.6935746e+02  -1.8308056e+01   2.5000000e+02
   1.6943024e+02  -1.8441459e+01   2.5000000e+02
   1.6950234e+02  -1.8575228e+01   2.5000000e+02
   1.6957419e+02  -1.8709144e+01   2.5000000e+02
   1.6964439e+02  -1.8843850e+01   2.5000000e+02
   1.6971166e+02  -1.8979934e+01   2.5000000e+02
   1.6977970e+02  -1.9115695e+01   2.5000000e+02
   1.6984654e+02  -1.9252013e+01   2.5000000e+02
   1.6991295e+02  -1.9388545e+01   2.5000000e+02
   1.6997897e+02  -1.9525263e+01   2.5000000e+02
   1.7004500e+02  -1.9662000e+01   2.5000000e+02
   1.6737700e+02  -1.1785000e+01   3.0000000e+02
   1.6740548e+02  -1.1919966e+01   3.0000000e+02
   1.6743388e+02  -1.2054951e+01   3.0000000e+02
   1.6746256e+02  -1.2189880e+01   3.0000000e+02
   1.6749075e+02  -1.2324910e+01   3.0000000e+02
   1.6751929e+02  -1.2459874e+01   3.0000000e+02
   1.6754542e+02  -1.2595306e+01   3.0000000e+02
   1.6757156e+02  -1.2730739e+01   3.0000000e+02
   1.6759786e+02  -1.2866146e+01   3.0000000e+02
   1.6762412e+02  -1.3001562e+01   3.0000000e+02
   1.6765020e+02  -1.3137014e+01   3.0000000e+02
   1.6767707e+02  -1.3272325e+01   3.0000000e+02
   1.6770481e+02  -1.3407469e+01   3.0000000e+02
   1.6773223e+02  -1.3542677e+01   3.0000000e+02
   1.6776081e+02  -1.3677663e+01   3.0000000e+02
   1.6778940e+02  -1.3812652e+01   3.0000000e+02
   1.6781899e+02  -1.3947438e+01   3.0000000e+02
   1.6785307e+02  -1.4081142e+01   3.0000000e+02
   1.6789415e+02  -1.4213071e+01   3.0000000e+02
   1.6793579e+02  -1.4344847e+01   3.0000000e+02
   1.6797776e+02  -1.4476529e+01   3.0000000e+02
   1.6802078e+02  -1.4607902e+01   3.0000000e+02
   1.6806426e+02  -1.4739141e+01   3.0000000e+02
   1.6810891e+02  -1.4870020e+01   3.0000000e+02
   1.6815468e+02  -1.5000535e+01   3.0000000e+02
   1.6820395e+02  -1.5129876e+01   3.0000000e+02
   1.6825462e+02  -1.5258724e+01   3.0000000e+02
   1.6830463e+02  -1.5387822e+01   3.0000000e+02
   1.6835624e+02  -1.5516346e+01   3.0000000e+02
   1.6840742e+02  -1.5645038e+01   3.0000000e+02
   1.6845888e+02  -1.5773640e+01   3.0000000e+02
   1.6851110e+02  -1.5901974e+01   3.0000000e+02
   1.6856368e+02  -1.6030177e+01   3.0000000e+02
   1.6862035e+02  -1.6156782e+01   3.0000000e+02
   1.6867706e+02  -1.6283382e+01   3.0000000e+02
   1.6873371e+02  -1.6410023e+01   3.0000000e+02
   1.6879050e+02  -1.6536622e+01   3.0000000e+02
   1.6884804e+02  -1.6662921e+01   3.0000000e+02
   1.6890548e+02  -1.6789280e+01   3.0000000e+02
   1.6896293e+02  -1.6915651e+01   3.0000000e+02
   1.6902122e+02  -1.7041687e+01   3.0000000e+02
   1.6907868e+02  -1.7168086e+01   3.0000000e+02
   1.6913698e+02  -1.7294149e+01   3.0000000e+02
   1.6919529e+02  -1.7420227e+01   3.0000000e+02
   1.6925361e+02  -1.7546318e+01   3.0000000e+02
   1.6931243e+02  -1.7672214e+01   3.0000000e+02
   1.6937110e+02  -1.7798189e+01   3.0000000e+02
   1.6942944e+02  -1.7924324e+01   3.0000000e+02
   1.6948844e+02  -1.8050194e+01   3.0000000e+02
   1.6954736e+02  -1.8176119e+01   3.0000000e+02
   1.6960585e+02  -1.8302242e+01   3.0000000e+02
   1.6966443e+02  -1.8428342e+01   3.0000000e+02
   1.6972316e+02  -1.8554399e+01   3.0000000e+02
   1.6978216e+02  -1.8680357e+01   3.0000000e+02
   1.6984087e+02  -1.8806460e+01   3.0000000e+02
   1.6989966e+02  -1.8932550e+01   3.0000000e+02
   1.6995808e+02  -1.9058807e+01   3.0000000e+02
   1.7001708e+02  -1.9184841e+01   3.0000000e+02
   1.7007608e+02  -1.9310896e+01   3.0000000e+02
   1.7013500e+02  -1.9437000e+01   3.0000000e+02
   1.6762300e+02  -1.1881000e+01   3.5000000e+02
   1.6763649e+02  -1.1963889e+01   3.5000000e+02
   1.6765014e+02  -1.2046755e+01   3.5000000e+02
   1.6766467e+02  -1.2129476e+01   3.5000000e+02
   1.6767912e+02  -1.2212213e+01   3.5000000e+02
   1.6769369e+02  -1.2294929e+01   3.5000000e+02
   1.6770908e+02  -1.2377505e+01   3.5000000e+02
   1.6772386e+02  -1.2460188e+01   3.5000000e+02
   1.6773978e+02  -1.2542666e+01   3.5000000e+02
   1.6775552e+02  -1.2625183e+01   3.5000000e+02
   1.6777172e+02  -1.2707613e+01   3.5000000e+02
   1.6778820e+02  -1.2789993e+01   3.5000000e+02
   1.6780468e+02  -1.2872375e+01   3.5000000e+02
   1.6782185e+02  -1.2954621e+01   3.5000000e+02
   1.6783934e+02  -1.3036807e+01   3.5000000e+02
   1.6785674e+02  -1.3119010e+01   3.5000000e+02
   1.6787761e+02  -1.3200380e+01   3.5000000e+02
   1.6790148e+02  -1.3281034e+01   3.5000000e+02
   1.6792533e+02  -1.3361696e+01   3.5000000e+02
   1.6794932e+02  -1.3442319e+01   3.5000000e+02
   1.6797362e+02  -1.3522856e+01   3.5000000e+02
   1.6799850e+02  -1.3603230e+01   3.5000000e+02
   1.6802338e+02  -1.3683606e+01   3.5000000e+02
   1.6804844e+02  -1.3763930e+01   3.5000000e+02
   1.6807405e+02  -1.3844093e+01   3.5000000e+02
   1.6809904e+02  -1.3924446e+01   3.5000000e+02
   1.6812481e+02  -1.4004566e+01   3.5000000e+02
   1.6815087e+02  -1.4084603e+01   3.5000000e+02
   1.6817749e+02  -1.4164467e+01   3.5000000e+02
   1.6820326e+02  -1.4244596e+01   3.5000000e+02
   1.6823010e+02  -1.4324398e+01   3.5000000e+02
   1.6825675e+02  -1.4404261e+01   3.5000000e+02
   1.6828362e+02  -1.4484060e+01   3.5000000e+02
   1.6831054e+02  -1.4563847e+01   3.5000000e+02
   1.6833789e+02  -1.4643499e+01   3.5000000e+02
   1.6836497e+02  -1.4723238e+01   3.5000000e+02
   1.6839247e+02  -1.4802849e+01   3.5000000e+02
   1.6842170e+02  -1.4881872e+01   3.5000000e+02
   1.6845132e+02  -1.4960774e+01   3.5000000e+02
   1.6848108e+02  -1.5039631e+01   3.5000000e+02
   1.6851121e+02  -1.5118361e+01   3.5000000e+02
   1.6854134e+02  -1.5197095e+01   3.5000000e+02
   1.6857148e+02  -1.5275832e+01   3.5000000e+02
   1.6860161e+02  -1.5354572e+01   3.5000000e+02
   1.6863211e+02  -1.5433187e+01   3.5000000e+02
   1.6866277e+02  -1.5511747e+01   3.5000000e+02
   1.6869321e+02  -1.5590387e+01   3.5000000e+02
   1.6872404e+02  -1.5668897e+01   3.5000000e+02
   1.6875467e+02  -1.5747479e+01   3.5000000e+02
   1.6878567e+02  -1.5825934e+01   3.5000000e+02
   1.6881675e+02  -1.5904363e+01   3.5000000e+02
   1.6884819e+02  -1.5982660e+01   3.5000000e+02
   1.6887994e+02  -1.6060850e+01   3.5000000e+02
   1.6891136e+02  -1.6139166e+01   3.5000000e+02
   1.6894314e+02  -1.6217354e+01   3.5000000e+02
   1.6897458e+02  -1.6295674e+01   3.5000000e+02
   1.6900674e+02  -1.6373726e+01   3.5000000e+02
   1.6903861e+02  -1.6451896e+01   3.5000000e+02
   1.6907080e+02  -1.6529946e+01   3.5000000e+02
   1.6910300e+02  -1.6608000e+01   3.5000000e+02
   1.6782500e+02  -1.1945000e+01   4.0000000e+02
   1.6783142e+02  -1.1990444e+01   4.0000000e+02
   1.6783789e+02  -1.2035880e+01   4.0000000e+02
   1.6784475e+02  -1.2081262e+01   4.0000000e+02
   1.6785163e+02  -1.2126642e+01   4.0000000e+02
   1.6785857e+02  -1.2172013e+01   4.0000000e+02
   1.6786569e+02  -1.2217356e+01   4.0000000e+02
   1.6787315e+02  -1.2262648e+01   4.0000000e+02
   1.6788061e+02  -1.2307941e+01   4.0000000e+02
   1.6788807e+02  -1.2353234e+01   4.0000000e+02
   1.6789585e+02  -1.2398476e+01   4.0000000e+02
   1.6790383e+02  -1.2443685e+01   4.0000000e+02
   1.6791180e+02  -1.2488894e+01   4.0000000e+02
   1.6791978e+02  -1.2534103e+01   4.0000000e+02
   1.6792776e+02  -1.2579313e+01   4.0000000e+02
   1.6793574e+02  -1.2624523e+01   4.0000000e+02
   1.6794422e+02  -1.2669646e+01   4.0000000e+02
   1.6795275e+02  -1.2714759e+01   4.0000000e+02
   1.6796176e+02  -1.2759786e+01   4.0000000e+02
   1.6797078e+02  -1.2804809e+01   4.0000000e+02
   1.6797989e+02  -1.2849816e+01   4.0000000e+02
   1.6798897e+02  -1.2894831e+01   4.0000000e+02
   1.6799797e+02  -1.2939859e+01   4.0000000e+02
   1.6800725e+02  -1.2984833e+01   4.0000000e+02
   1.6801687e+02  -1.3029740e+01   4.0000000e+02
   1.6802643e+02  -1.3074660e+01   4.0000000e+02
   1.6803595e+02  -1.3119590e+01   4.0000000e+02
   1.6804588e+02  -1.3164432e+01   4.0000000e+02
   1.6805602e+02  -1.3209234e+01   4.0000000e+02
   1.6806932e+02  -1.3253216e+01   4.0000000e+02
   1.6808339e+02  -1.3296999e+01   4.0000000e+02
   1.6809733e+02  -1.3340823e+01   4.0000000e+02
   1.6811125e+02  -1.3384653e+01   4.0000000e+02
   1.6812577e+02  -1.3428302e+01   4.0000000e+02
   1.6814031e+02  -1.3471941e+01   4.0000000e+02
   1.6815486e+02  -1.3515582e+01   4.0000000e+02
   1.6816945e+02  -1.3559208e+01   4.0000000e+02
   1.6818447e+02  -1.3602700e+01   4.0000000e+02
   1.6819951e+02  -1.3646184e+01   4.0000000e+02
   1.6821469e+02  -1.3689624e+01   4.0000000e+02
   1.6822994e+02  -1.3733039e+01   4.0000000e+02
   1.6824542e+02  -1.3776381e+01   4.0000000e+02
   1.6826095e+02  -1.3819706e+01   4.0000000e+02
   1.6827660e+02  -1.3862993e+01   4.0000000e+02
   1.6829225e+02  -1.3906281e+01   4.0000000e+02
   1.6830789e+02  -1.3949570e+01   4.0000000e+02
   1.6832376e+02  -1.3992782e+01   4.0000000e+02
   1.6833987e+02  -1.4035913e+01   4.0000000e+02
   1.6835624e+02  -1.4078954e+01   4.0000000e+02
   1.6837280e+02  -1.4121924e+01   4.0000000e+02
   1.6838937e+02  -1.4164894e+01   4.0000000e+02
   1.6840594e+02  -1.4207866e+01   4.0000000e+02
   1.6842263e+02  -1.4250794e+01   4.0000000e+02
   1.6843937e+02  -1.4293703e+01   4.0000000e+02
   1.6845633e+02  -1.4336534e+01   4.0000000e+02
   1.6847335e+02  -1.4379343e+01   4.0000000e+02
   1.6849053e+02  -1.4422097e+01   4.0000000e+02
   1.6850773e+02  -1.4464840e+01   4.0000000e+02
   1.6852535e+02  -1.4507426e+01   4.0000000e+02
   1.6854300e+02  -1.4550000e+01   4.0000000e+02
