   1.1966100e+02   2.2063000e+01   0.0000000e+00
   1.1989905e+02   2.1817254e+01   0.0000000e+00
   1.2011208e+02   2.1553087e+01   0.0000000e+00
   1.2028618e+02   2.1266116e+01   0.0000000e+00
   1.2039769e+02   2.0953541e+01   0.0000000e+00
   1.2045424e+02   2.0627408e+01   0.0000000e+00
   1.2049107e+02   2.0300004e+01   0.0000000e+00
   1.2041992e+02   1.9977413e+01   0.0000000e+00
   1.2025943e+02   1.9685907e+01   0.0000000e+00
   1.2005768e+02   1.9415675e+01   0.0000000e+00
   1.1985837e+02   1.9144052e+01   0.0000000e+00
   1.1963893e+02   1.8887545e+01   0.0000000e+00
   1.1939643e+02   1.8650014e+01   0.0000000e+00
   1.1916169e+02   1.8406169e+01   0.0000000e+00
   1.1905508e+02   1.8097340e+01   0.0000000e+00
   1.1903559e+02   1.7767535e+01   0.0000000e+00
   1.1903258e+02   1.7437150e+01   0.0000000e+00
   1.1904429e+02   1.7106948e+01   0.0000000e+00
   1.1907187e+02   1.6777588e+01   0.0000000e+00
   1.1909127e+02   1.6447700e+01   0.0000000e+00
   1.1910524e+02   1.6117575e+01   0.0000000e+00
   1.1911269e+02   1.5787235e+01   0.0000000e+00
   1.1910123e+02   1.5457368e+01   0.0000000e+00
   1.1906869e+02   1.5128447e+01   0.0000000e+00
   1.1905257e+02   1.4798618e+01   0.0000000e+00
   1.1906014e+02   1.4468424e+01   0.0000000e+00
   1.1910926e+02   1.4141714e+01   0.0000000e+00
   1.1923288e+02   1.3834119e+01   0.0000000e+00
   1.1940848e+02   1.3551281e+01   0.0000000e+00
   1.1963419e+02   1.3305507e+01   0.0000000e+00
   1.1991953e+02   1.3131423e+01   0.0000000e+00
   1.2021362e+02   1.2967146e+01   0.0000000e+00
   1.2046534e+02   1.2748426e+01   0.0000000e+00
   1.2066077e+02   1.2480042e+01   0.0000000e+00
   1.2083764e+02   1.2198491e+01   0.0000000e+00
   1.2105663e+02   1.1948862e+01   0.0000000e+00
   1.2131901e+02   1.1741593e+01   0.0000000e+00
   1.2158922e+02   1.1543915e+01   0.0000000e+00
   1.2180320e+02   1.1294180e+01   0.0000000e+00
   1.2184500e+02   1.0967869e+01   0.0000000e+00
   1.2184291e+02   1.0637461e+01   0.0000000e+00
   1.2185551e+02   1.0307867e+01   0.0000000e+00
   1.2191747e+02   9.9832241e+00   0.0000000e+00
   1.2204248e+02   9.6772940e+00   0.0000000e+00
   1.2220464e+02   9.3887504e+00   0.0000000e+00
   1.2239592e+02   9.1177077e+00   0.0000000e+00
   1.2260736e+02   8.8617107e+00   0.0000000e+00
   1.2269319e+02   8.5576234e+00   0.0000000e+00
   1.2238093e+02   8.4623021e+00   0.0000000e+00
   1.2209222e+02   8.3006566e+00   0.0000000e+00
   1.2188885e+02   8.0410516e+00   0.0000000e+00
   1.2174749e+02   7.7419150e+00   0.0000000e+00
   1.2158850e+02   7.4516438e+00   0.0000000e+00
   1.2136972e+02   7.2044578e+00   0.0000000e+00
   1.2110155e+02   7.0094786e+00   0.0000000e+00
   1.2081088e+02   6.8485722e+00   0.0000000e+00
   1.2052695e+02   6.6763592e+00   0.0000000e+00
   1.2024280e+02   6.5047062e+00   0.0000000e+00
   1.1994793e+02   6.3523614e+00   0.0000000e+00
   1.1964700e+02   6.2120000e+00   0.0000000e+00
   1.2024400e+02   2.3083000e+01   5.0000000e+01
   1.2048389e+02   2.2822349e+01   5.0000000e+01
   1.2070293e+02   2.2546867e+01   5.0000000e+01
   1.2087458e+02   2.2245897e+01   5.0000000e+01
   1.2100341e+02   2.1925748e+01   5.0000000e+01
   1.2110733e+02   2.1598325e+01   5.0000000e+01
   1.2118568e+02   2.1264495e+01   5.0000000e+01
   1.2125353e+02   2.0928704e+01   5.0000000e+01
   1.2130883e+02   2.0591015e+01   5.0000000e+01
   1.2134768e+02   2.0251255e+01   5.0000000e+01
   1.2137158e+02   1.9910407e+01   5.0000000e+01
   1.2135652e+02   1.9569073e+01   5.0000000e+01
   1.2130678e+02   1.9230833e+01   5.0000000e+01
   1.2112444e+02   1.8941021e+01   5.0000000e+01
   1.2088978e+02   1.8681458e+01   5.0000000e+01
   1.2064995e+02   1.8426407e+01   5.0000000e+01
   1.2041904e+02   1.8164298e+01   5.0000000e+01
   1.2022351e+02   1.7878048e+01   5.0000000e+01
   1.2010870e+02   1.7558869e+01   5.0000000e+01
   1.2007186e+02   1.7219039e+01   5.0000000e+01
   1.2005171e+02   1.6877872e+01   5.0000000e+01
   1.2003775e+02   1.6536420e+01   5.0000000e+01
   1.2003757e+02   1.6194843e+01   5.0000000e+01
   1.2005642e+02   1.5853618e+01   5.0000000e+01
   1.2008112e+02   1.5512741e+01   5.0000000e+01
   1.2012114e+02   1.5173250e+01   5.0000000e+01
   1.2017528e+02   1.4835599e+01   5.0000000e+01
   1.2027753e+02   1.4509401e+01   5.0000000e+01
   1.2042706e+02   1.4200782e+01   5.0000000e+01
   1.2060970e+02   1.3908618e+01   5.0000000e+01
   1.2080520e+02   1.3624564e+01   5.0000000e+01
   1.2102201e+02   1.3356353e+01   5.0000000e+01
   1.2126181e+02   1.3106787e+01   5.0000000e+01
   1.2149494e+02   1.2851735e+01   5.0000000e+01
   1.2171480e+02   1.2585701e+01   5.0000000e+01
   1.2192776e+02   1.2314562e+01   5.0000000e+01
   1.2211709e+02   1.2027355e+01   5.0000000e+01
   1.2228984e+02   1.1730472e+01   5.0000000e+01
   1.2238832e+02   1.1403777e+01   5.0000000e+01
   1.2245178e+02   1.1068090e+01   5.0000000e+01
   1.2247173e+02   1.0726955e+01   5.0000000e+01
   1.2248648e+02   1.0385548e+01   5.0000000e+01
   1.2251001e+02   1.0044649e+01   5.0000000e+01
   1.2257729e+02   9.7111264e+00   5.0000000e+01
   1.2269812e+02   9.3909340e+00   5.0000000e+01
   1.2286174e+02   9.0897838e+00   5.0000000e+01
   1.2299377e+02   8.7754426e+00   5.0000000e+01
   1.2305120e+02   8.4390886e+00   5.0000000e+01
   1.2295336e+02   8.1180567e+00   5.0000000e+01
   1.2264657e+02   7.9947951e+00   5.0000000e+01
   1.2234265e+02   7.8424060e+00   5.0000000e+01
   1.2212776e+02   7.5755058e+00   5.0000000e+01
   1.2192082e+02   7.3022532e+00   5.0000000e+01
   1.2169719e+02   7.0428023e+00   5.0000000e+01
   1.2144145e+02   6.8156655e+00   5.0000000e+01
   1.2115670e+02   6.6238897e+00   5.0000000e+01
   1.2087049e+02   6.4344206e+00   5.0000000e+01
   1.2058562e+02   6.2430938e+00   5.0000000e+01
   1.2029510e+02   6.0607803e+00   5.0000000e+01
   1.1999300e+02   5.8980000e+00   5.0000000e+01
   1.2068500e+02   2.3227000e+01   1.0000000e+02
   1.2090750e+02   2.2961582e+01   1.0000000e+02
   1.2110843e+02   2.2682227e+01   1.0000000e+02
   1.2125907e+02   2.2378669e+01   1.0000000e+02
   1.2137053e+02   2.2059737e+01   1.0000000e+02
   1.2144947e+02   2.1732685e+01   1.0000000e+02
   1.2151899e+02   2.1403740e+01   1.0000000e+02
   1.2158651e+02   2.1074463e+01   1.0000000e+02
   1.2165262e+02   2.0744959e+01   1.0000000e+02
   1.2171356e+02   2.0414633e+01   1.0000000e+02
   1.2176440e+02   2.0082820e+01   1.0000000e+02
   1.2178919e+02   1.9748693e+01   1.0000000e+02
   1.2179400e+02   1.9413506e+01   1.0000000e+02
   1.2177709e+02   1.9078845e+01   1.0000000e+02
   1.2164243e+02   1.8774923e+01   1.0000000e+02
   1.2141483e+02   1.8518663e+01   1.0000000e+02
   1.2116490e+02   1.8281722e+01   1.0000000e+02
   1.2092237e+02   1.8038573e+01   1.0000000e+02
   1.2070686e+02   1.7773508e+01   1.0000000e+02
   1.2057666e+02   1.7462313e+01   1.0000000e+02
   1.2049473e+02   1.7137297e+01   1.0000000e+02
   1.2044935e+02   1.6804920e+01   1.0000000e+02
   1.2041942e+02   1.6470925e+01   1.0000000e+02
   1.2041744e+02   1.6136035e+01   1.0000000e+02
   1.2043568e+02   1.5801270e+01   1.0000000e+02
   1.2046220e+02   1.5467028e+01   1.0000000e+02
   1.2050775e+02   1.5134686e+01   1.0000000e+02
   1.2056222e+02   1.4803605e+01   1.0000000e+02
   1.2063992e+02   1.4477231e+01   1.0000000e+02
   1.2074352e+02   1.4157424e+01   1.0000000e+02
   1.2089039e+02   1.3854947e+01   1.0000000e+02
   1.2108835e+02   1.3582193e+01   1.0000000e+02
   1.2132978e+02   1.3342933e+01   1.0000000e+02
   1.2156553e+02   1.3098721e+01   1.0000000e+02
   1.2179338e+02   1.2847550e+01   1.0000000e+02
   1.2201772e+02   1.2593597e+01   1.0000000e+02
   1.2223568e+02   1.2334607e+01   1.0000000e+02
   1.2244122e+02   1.2066283e+01   1.0000000e+02
   1.2259555e+02   1.1770446e+01   1.0000000e+02
   1.2268354e+02   1.1446546e+01   1.0000000e+02
   1.2274515e+02   1.1117134e+01   1.0000000e+02
   1.2277713e+02   1.0783381e+01   1.0000000e+02
   1.2280251e+02   1.0449074e+01   1.0000000e+02
   1.2281957e+02   1.0114258e+01   1.0000000e+02
   1.2285011e+02   9.7804215e+00   1.0000000e+02
   1.2295823e+02   9.4627942e+00   1.0000000e+02
   1.2308152e+02   9.1504411e+00   1.0000000e+02
   1.2320194e+02   8.8370399e+00   1.0000000e+02
   1.2327519e+02   8.5101984e+00   1.0000000e+02
   1.2328238e+02   8.1779450e+00   1.0000000e+02
   1.2313435e+02   7.8801134e+00   1.0000000e+02
   1.2283759e+02   7.7218511e+00   1.0000000e+02
   1.2253491e+02   7.5797184e+00   1.0000000e+02
   1.2228658e+02   7.3524308e+00   1.0000000e+02
   1.2205757e+02   7.1060532e+00   1.0000000e+02
   1.2183746e+02   6.8517823e+00   1.0000000e+02
   1.2159421e+02   6.6207870e+00   1.0000000e+02
   1.2132724e+02   6.4157821e+00   1.0000000e+02
   1.2105326e+02   6.2203051e+00   1.0000000e+02
   1.2077500e+02   6.0310000e+00   1.0000000e+02
   1.2127200e+02   2.3147000e+01   1.5000000e+02
   1.2136947e+02   2.2992955e+01   1.5000000e+02
   1.2146177e+02   2.2836305e+01   1.5000000e+02
   1.2154845e+02   2.2676985e+01   1.5000000e+02
   1.2161168e+02   2.2508750e+01   1.5000000e+02
   1.2166689e+02   2.2337976e+01   1.5000000e+02
   1.2171913e+02   2.2166406e+01   1.5000000e+02
   1.2176451e+02   2.1993236e+01   1.5000000e+02
   1.2180259e+02   2.1818519e+01   1.5000000e+02
   1.2183952e+02   2.1643602e+01   1.5000000e+02
   1.2187632e+02   2.1468668e+01   1.5000000e+02
   1.2191315e+02   2.1293747e+01   1.5000000e+02
   1.2195478e+02   2.1119819e+01   1.5000000e+02
   1.2199938e+02   2.0946496e+01   1.5000000e+02
   1.2204457e+02   2.0773319e+01   1.5000000e+02
   1.2209000e+02   2.0600210e+01   1.5000000e+02
   1.2213460e+02   2.0426919e+01   1.5000000e+02
   1.2217873e+02   2.0253540e+01   1.5000000e+02
   1.2221907e+02   2.0079357e+01   1.5000000e+02
   1.2225795e+02   1.9904891e+01   1.5000000e+02
   1.2229217e+02   1.9729614e+01   1.5000000e+02
   1.2230846e+02   1.9552030e+01   1.5000000e+02
   1.2231872e+02   1.9374049e+01   1.5000000e+02
   1.2231537e+02   1.9196113e+01   1.5000000e+02
   1.2229254e+02   1.9019191e+01   1.5000000e+02
   1.2226043e+02   1.8843576e+01   1.5000000e+02
   1.2219608e+02   1.8676769e+01   1.5000000e+02
   1.2211511e+02   1.8515924e+01   1.5000000e+02
   1.2202459e+02   1.8359753e+01   1.5000000e+02
   1.2190482e+02   1.8223180e+01   1.5000000e+02
   1.2177512e+02   1.8094396e+01   1.5000000e+02
   1.2164268e+02   1.7968257e+01   1.5000000e+02
   1.2151074e+02   1.7841741e+01   1.5000000e+02
   1.2138199e+02   1.7712351e+01   1.5000000e+02
   1.2125708e+02   1.7579674e+01   1.5000000e+02
   1.2114565e+02   1.7437361e+01   1.5000000e+02
   1.2105683e+02   1.7280579e+01   1.5000000e+02
   1.2097561e+02   1.7120123e+01   1.5000000e+02
   1.2091802e+02   1.6950816e+01   1.5000000e+02
   1.2087034e+02   1.6778511e+01   1.5000000e+02
   1.2082971e+02   1.6604663e+01   1.5000000e+02
   1.2080602e+02   1.6427872e+01   1.5000000e+02
   1.2078658e+02   1.6250601e+01   1.5000000e+02
   1.2077083e+02   1.6072999e+01   1.5000000e+02
   1.2076595e+02   1.5894810e+01   1.5000000e+02
   1.2076395e+02   1.5716568e+01   1.5000000e+02
   1.2076304e+02   1.5538320e+01   1.5000000e+02
   1.2076403e+02   1.5360072e+01   1.5000000e+02
   1.2076622e+02   1.5181832e+01   1.5000000e+02
   1.2077074e+02   1.5003633e+01   1.5000000e+02
   1.2077718e+02   1.4825489e+01   1.5000000e+02
   1.2078515e+02   1.4647405e+01   1.5000000e+02
   1.2079609e+02   1.4469473e+01   1.5000000e+02
   1.2081075e+02   1.4291788e+01   1.5000000e+02
   1.2084141e+02   1.4116096e+01   1.5000000e+02
   1.2088113e+02   1.3942094e+01   1.5000000e+02
   1.2094638e+02   1.3776880e+01   1.5000000e+02
   1.2104469e+02   1.3626442e+01   1.5000000e+02
   1.2116007e+02   1.3487918e+01   1.5000000e+02
   1.2128100e+02   1.3354000e+01   1.5000000e+02
   1.2160900e+02   2.2961000e+01   2.0000000e+02
   1.2168199e+02   2.2799028e+01   2.0000000e+02
   1.2175164e+02   2.2635842e+01   2.0000000e+02
   1.2180954e+02   2.2468816e+01   2.0000000e+02
   1.2186444e+02   2.2300953e+01   2.0000000e+02
   1.2191512e+02   2.2132009e+01   2.0000000e+02
   1.2195795e+02   2.1961185e+01   2.0000000e+02
   1.2199845e+02   2.1789881e+01   2.0000000e+02
   1.2203887e+02   2.1618571e+01   2.0000000e+02
   1.2207864e+02   2.1447142e+01   2.0000000e+02
   1.2211874e+02   2.1275790e+01   2.0000000e+02
   1.2215853e+02   2.1104382e+01   2.0000000e+02
   1.2219889e+02   2.0933101e+01   2.0000000e+02
   1.2224352e+02   2.0762804e+01   2.0000000e+02
   1.2229216e+02   2.0593437e+01   2.0000000e+02
   1.2234061e+02   2.0424037e+01   2.0000000e+02
   1.2238782e+02   2.0254340e+01   2.0000000e+02
   1.2243260e+02   2.0084075e+01   2.0000000e+02
   1.2246248e+02   1.9911107e+01   2.0000000e+02
   1.2248531e+02   1.9737056e+01   2.0000000e+02
   1.2250322e+02   1.9562509e+01   2.0000000e+02
   1.2251522e+02   1.9387501e+01   2.0000000e+02
   1.2250302e+02   1.9212997e+01   2.0000000e+02
   1.2247707e+02   1.9039348e+01   2.0000000e+02
   1.2244551e+02   1.8866545e+01   2.0000000e+02
   1.2240723e+02   1.8694966e+01   2.0000000e+02
   1.2234476e+02   1.8529899e+01   2.0000000e+02
   1.2227695e+02   1.8366770e+01   2.0000000e+02
   1.2220094e+02   1.8206960e+01   2.0000000e+02
   1.2210693e+02   1.8057252e+01   2.0000000e+02
   1.2198620e+02   1.7924708e+01   2.0000000e+02
   1.2186103e+02   1.7796014e+01   2.0000000e+02
   1.2173500e+02   1.7668170e+01   2.0000000e+02
   1.2161466e+02   1.7535511e+01   2.0000000e+02
   1.2149495e+02   1.7402403e+01   2.0000000e+02
   1.2137721e+02   1.7267786e+01   2.0000000e+02
   1.2126632e+02   1.7128088e+01   2.0000000e+02
   1.2116176e+02   1.6984001e+01   2.0000000e+02
   1.2106288e+02   1.6836364e+01   2.0000000e+02
   1.2097486e+02   1.6683283e+01   2.0000000e+02
   1.2093889e+02   1.6511353e+01   2.0000000e+02
   1.2091185e+02   1.6337915e+01   2.0000000e+02
   1.2089111e+02   1.6163681e+01   2.0000000e+02
   1.2087645e+02   1.5988876e+01   2.0000000e+02
   1.2086552e+02   1.5813815e+01   2.0000000e+02
   1.2085666e+02   1.5638647e+01   2.0000000e+02
   1.2084780e+02   1.5463486e+01   2.0000000e+02
   1.2084034e+02   1.5288258e+01   2.0000000e+02
   1.2083293e+02   1.5113030e+01   2.0000000e+02
   1.2082762e+02   1.4937729e+01   2.0000000e+02
   1.2082247e+02   1.4762424e+01   2.0000000e+02
   1.2081971e+02   1.4587069e+01   2.0000000e+02
   1.2081932e+02   1.4411696e+01   2.0000000e+02
   1.2082338e+02   1.4236373e+01   2.0000000e+02
   1.2083783e+02   1.4061885e+01   2.0000000e+02
   1.2087952e+02   1.3891265e+01   2.0000000e+02
   1.2093631e+02   1.3725379e+01   2.0000000e+02
   1.2101968e+02   1.3569875e+01   2.0000000e+02
   1.2111208e+02   1.3419286e+01   2.0000000e+02
   1.2121300e+02   1.3274000e+01   2.0000000e+02
   1.2077300e+02   1.4969000e+01   2.5000000e+02
   1.2077106e+02   1.4937576e+01   2.5000000e+02
   1.2076912e+02   1.4906152e+01   2.5000000e+02
   1.2076734e+02   1.4874720e+01   2.5000000e+02
   1.2076576e+02   1.4843277e+01   2.5000000e+02
   1.2076419e+02   1.4811833e+01   2.5000000e+02
   1.2076298e+02   1.4780376e+01   2.5000000e+02
   1.2076181e+02   1.4748916e+01   2.5000000e+02
   1.2076088e+02   1.4717451e+01   2.5000000e+02
   1.2076049e+02   1.4685973e+01   2.5000000e+02
   1.2076010e+02   1.4654496e+01   2.5000000e+02
   1.2075943e+02   1.4623023e+01   2.5000000e+02
   1.2075866e+02   1.4591552e+01   2.5000000e+02
   1.2075800e+02   1.4560080e+01   2.5000000e+02
   1.2075800e+02   1.4528600e+01   2.5000000e+02
   1.2075800e+02   1.4497120e+01   2.5000000e+02
   1.2075824e+02   1.4465641e+01   2.5000000e+02
   1.2075863e+02   1.4434164e+01   2.5000000e+02
   1.2075903e+02   1.4402686e+01   2.5000000e+02
   1.2075981e+02   1.4371216e+01   2.5000000e+02
   1.2076059e+02   1.4339745e+01   2.5000000e+02
   1.2076237e+02   1.4308330e+01   2.5000000e+02
   1.2076530e+02   1.4276978e+01   2.5000000e+02
   1.2076825e+02   1.4245629e+01   2.5000000e+02
   1.2077159e+02   1.4214316e+01   2.5000000e+02
   1.2077493e+02   1.4183003e+01   2.5000000e+02
   1.2077883e+02   1.4151753e+01   2.5000000e+02
   1.2078300e+02   1.4120533e+01   2.5000000e+02
   1.2078716e+02   1.4089313e+01   2.5000000e+02
   1.2079132e+02   1.4058093e+01   2.5000000e+02
   1.2079548e+02   1.4026874e+01   2.5000000e+02
   1.2080071e+02   1.3995808e+01   2.5000000e+02
   1.2080609e+02   1.3964764e+01   2.5000000e+02
   1.2081169e+02   1.3933758e+01   2.5000000e+02
   1.2081755e+02   1.3902796e+01   2.5000000e+02
   1.2082383e+02   1.3871948e+01   2.5000000e+02
   1.2083563e+02   1.3842629e+01   2.5000000e+02
   1.2084743e+02   1.3813310e+01   2.5000000e+02
   1.2085967e+02   1.3784163e+01   2.5000000e+02
   1.2087244e+02   1.3755232e+01   2.5000000e+02
   1.2088522e+02   1.3726300e+01   2.5000000e+02
   1.2089835e+02   1.3697523e+01   2.5000000e+02
   1.2091158e+02   1.3668789e+01   2.5000000e+02
   1.2092499e+02   1.3640132e+01   2.5000000e+02
   1.2093945e+02   1.3611966e+01   2.5000000e+02
   1.2095391e+02   1.3583799e+01   2.5000000e+02
   1.2096853e+02   1.3555709e+01   2.5000000e+02
   1.2098330e+02   1.3527693e+01   2.5000000e+02
   1.2099806e+02   1.3499677e+01   2.5000000e+02
   1.2101589e+02   1.3473436e+01   2.5000000e+02
   1.2103418e+02   1.3447464e+01   2.5000000e+02
   1.2105255e+02   1.3421547e+01   2.5000000e+02
   1.2107144e+02   1.3395988e+01   2.5000000e+02
   1.2109033e+02   1.3370430e+01   2.5000000e+02
   1.2110951e+02   1.3345079e+01   2.5000000e+02
   1.2112906e+02   1.3319997e+01   2.5000000e+02
   1.2114861e+02   1.3294915e+01   2.5000000e+02
   1.2116862e+02   1.3270187e+01   2.5000000e+02
   1.2118881e+02   1.3245593e+01   2.5000000e+02
   1.2120900e+02   1.3221000e+01   2.5000000e+02
   1.2063000e+02   1.4692000e+01   3.0000000e+02
   1.2063071e+02   1.4661410e+01   3.0000000e+02
   1.2063142e+02   1.4630820e+01   3.0000000e+02
   1.2063227e+02   1.4600235e+01   3.0000000e+02
   1.2063367e+02   1.4569668e+01   3.0000000e+02
   1.2063508e+02   1.4539100e+01   3.0000000e+02
   1.2063661e+02   1.4508539e+01   3.0000000e+02
   1.2063838e+02   1.4477990e+01   3.0000000e+02
   1.2064016e+02   1.4447441e+01   3.0000000e+02
   1.2064231e+02   1.4416916e+01   3.0000000e+02
   1.2064479e+02   1.4386413e+01   3.0000000e+02
   1.2064727e+02   1.4355910e+01   3.0000000e+02
   1.2065026e+02   1.4325451e+01   3.0000000e+02
   1.2065344e+02   1.4295010e+01   3.0000000e+02
   1.2065663e+02   1.4264568e+01   3.0000000e+02
   1.2066012e+02   1.4234159e+01   3.0000000e+02
   1.2066366e+02   1.4203754e+01   3.0000000e+02
   1.2066735e+02   1.4173373e+01   3.0000000e+02
   1.2067377e+02   1.4143416e+01   3.0000000e+02
   1.2068019e+02   1.4113458e+01   3.0000000e+02
   1.2068680e+02   1.4083541e+01   3.0000000e+02
   1.2069398e+02   1.4053747e+01   3.0000000e+02
   1.2070116e+02   1.4023953e+01   3.0000000e+02
   1.2070885e+02   1.3994284e+01   3.0000000e+02
   1.2071713e+02   1.3964761e+01   3.0000000e+02
   1.2072541e+02   1.3935237e+01   3.0000000e+02
   1.2073415e+02   1.3905840e+01   3.0000000e+02
   1.2074309e+02   1.3876501e+01   3.0000000e+02
   1.2075204e+02   1.3847161e+01   3.0000000e+02
   1.2076195e+02   1.3818119e+01   3.0000000e+02
   1.2077197e+02   1.3789112e+01   3.0000000e+02
   1.2078270e+02   1.3760432e+01   3.0000000e+02
   1.2079973e+02   1.3734694e+01   3.0000000e+02
   1.2081676e+02   1.3708956e+01   3.0000000e+02
   1.2083400e+02   1.3683348e+01   3.0000000e+02
   1.2085148e+02   1.3657895e+01   3.0000000e+02
   1.2086895e+02   1.3632442e+01   3.0000000e+02
   1.2088721e+02   1.3607518e+01   3.0000000e+02
   1.2090563e+02   1.3582706e+01   3.0000000e+02
   1.2092412e+02   1.3557945e+01   3.0000000e+02
   1.2094297e+02   1.3533443e+01   3.0000000e+02
   1.2096182e+02   1.3508940e+01   3.0000000e+02
   1.2098150e+02   1.3485094e+01   3.0000000e+02
   1.2100199e+02   1.3461874e+01   3.0000000e+02
   1.2102248e+02   1.3438654e+01   3.0000000e+02
   1.2104318e+02   1.3415617e+01   3.0000000e+02
   1.2106404e+02   1.3392712e+01   3.0000000e+02
   1.2108489e+02   1.3369807e+01   3.0000000e+02
   1.2110610e+02   1.3347217e+01   3.0000000e+02
   1.2112749e+02   1.3324791e+01   3.0000000e+02
   1.2114888e+02   1.3302364e+01   3.0000000e+02
   1.2117014e+02   1.3279820e+01   3.0000000e+02
   1.2119135e+02   1.3257239e+01   3.0000000e+02
   1.2121256e+02   1.3234657e+01   3.0000000e+02
   1.2123437e+02   1.3212627e+01   3.0000000e+02
   1.2125630e+02   1.3190704e+01   3.0000000e+02
   1.2127822e+02   1.3168781e+01   3.0000000e+02
   1.2130046e+02   1.3147169e+01   3.0000000e+02
   1.2132273e+02   1.3125584e+01   3.0000000e+02
   1.2134500e+02   1.3104000e+01   3.0000000e+02
